milestone, 1, 2, 3, 5, 10, 20, 30, 40, 50, 60, 70, 80, 90, 100
181036 , 183010 , 183418 , 184355 , 187248 , 189385 , 192354 , 198101 , 200546 , 210854 , 214768 , 217044 , 221617 , 221617 , 
61920.2 , 63576.8 , 65764.7 , 68939.9 , 73220.4 , 84539.6 , 87799.3 , 91729.1 , 92545.4 , 92857 , 94714.6 , 97048.4 , 98253.3 , 98253.3 , 
179451 , 179748 , 181856 , 183358 , 185199 , 194202 , 196894 , 200994 , 203786 , 207657 , 211658 , 215749 , 219523 , 219523 , 
217922 , 219452 , 220396 , 220919 , 221677 , 231434 , 232431 , 234453 , 235501 , 240035 , 242421 , 245869 , 247928 , 247928 , 
223818 , 225189 , 225544 , 226890 , 228525 , 241446 , 242058 , 244872 , 245368 , 245290 , 245467 , 248639 , 250853 , 250853 , 
53164.1 , 58313.1 , 59926.1 , 62488 , 65658.2 , 73325.2 , 74595 , 78454 , 83676.7 , 84824.7 , 87805.2 , 87845.6 , 92156.1 , 92156.1 , 
9230.6 , 9585.5 , 9724.9 , 10049.4 , 10105.8 , 12585.4 , 13510.3 , 14345.1 , 15229.9 , 15518.7 , 15616.3 , 15793.8 , 16340.6 , 16340.6 , 
45123 , 48795.5 , 50200.7 , 52710.2 , 55894.6 , 63346.9 , 68350.8 , 71262.1 , 72879.9 , 72879.9 , 75279.4 , 75279.4 , 76308.7 , 76308.7 , 
229080 , 230602 , 231319 , 231795 , 231792 , 236830 , 236932 , 238818 , 238838 , 238803 , 238692 , 238793 , 238922 , 238917 , 
19745.9 , 20643.7 , 20657.2 , 20965.2 , 21815.6 , 24106.3 , 24738.8 , 26947.6 , 27406.5 , 27959.1 , 29735.5 , 29858.3 , 30598.5 , 30598.5 , 
14532.9 , 15146.9 , 15435.5 , 15813.6 , 16437.6 , 19161.3 , 20064.9 , 21096.1 , 21497.2 , 21513.1 , 22401 , 22401 , 22898.4 , 22898.4 , 
53608.8 , 54347.5 , 54758.2 , 55041.4 , 55428 , 57397.8 , 57656.2 , 58206.5 , 58379.1 , 58989.3 , 59044.1 , 58999.5 , 60044.9 , 59974.6 , 
2674.5 , 3186.9 , 3321.4 , 3459.8 , 3487.9 , 4475.3 , 4539.1 , 4676.8 , 4720 , 4822.3 , 5147 , 5174.7 , 5224.6 , 5224.6 , 
46592.2 , 47152.8 , 47488.9 , 47771 , 48083.1 , 47863.1 , 48592.5 , 52215.1 , 52680.3 , 53517.8 , 54641.1 , 55367.3 , 57222.5 , 57222.5 , 
60278.1 , 60427.1 , 60387.7 , 60651.5 , 60861.9 , 63996.6 , 64016.3 , 64318.5 , 64312.6 , 64632.4 , 64827 , 64827 , 64827 , 64827 , 
29792.9 , 30955.4 , 31301.8 , 32104.9 , 33375.7 , 36813.2 , 37365.1 , 38384.7 , 39620.7 , 39623.1 , 40897.9 , 40931.6 , 42569.7 , 42569.7 , 
10891.7 , 11540.7 , 12087.5 , 12701 , 13268.5 , 14262.7 , 14728.1 , 16016.1 , 16752.1 , 16821.1 , 17112 , 17112 , 17737.6 , 17737.6 , 
16624.1 , 17228.3 , 17605.7 , 18121.4 , 18401.7 , 21303.1 , 21578.1 , 23598.8 , 24406.4 , 24406.4 , 24466.8 , 24466.8 , 25011 , 25011 , 
30041.4 , 30352.3 , 30638.7 , 31478.2 , 31808 , 34863.1 , 35765.5 , 37374.5 , 38230.1 , 38566.2 , 40315.3 , 40873.6 , 41759.6 , 41759.6 , 
79087.7 , 80595.9 , 81067.6 , 82152.5 , 83350.8 , 84757.3 , 86269.5 , 91493.3 , 92479.1 , 95150.5 , 100373 , 100409 , 103173 , 103173 , 
70885.6 , 74377 , 74790.7 , 75332.9 , 77375.7 , 79476.3 , 81553.2 , 90736.6 , 90946.6 , 91795.9 , 95351.3 , 95351.3 , 96531.4 , 96531.4 , 
98938.6 , 99644 , 100601 , 101096 , 102125 , 102200 , 103615 , 105792 , 107881 , 108874 , 109018 , 109678 , 111251 , 111572 , 
23516.7 , 27541.4 , 28134.4 , 29002.7 , 29586.8 , 34238.9 , 34580.7 , 36666.6 , 39742.8 , 39914.4 , 40410 , 40410 , 40916.9 , 40916.9 , 
98917.1 , 101275 , 101591 , 102039 , 102143 , 106125 , 107505 , 108777 , 109583 , 110746 , 111466 , 112030 , 114369 , 114390 , 
44790.8 , 46654.2 , 47292 , 48136.1 , 50324 , 55097.9 , 56462.7 , 62868 , 63077.6 , 64502.9 , 66849.7 , 66987.8 , 67991.1 , 67991.1 , 
12503.1 , 13043.2 , 13244.8 , 13633 , 14054.8 , 16646.5 , 17263.4 , 18446.1 , 18999.6 , 19483.8 , 20548.2 , 20548.2 , 20936.5 , 20936.5 , 
39819.7 , 42456.5 , 43548.4 , 44727.6 , 46162.6 , 52144.2 , 54614.4 , 55586 , 56589.2 , 57286 , 58727.3 , 58806.5 , 60677.4 , 60677.4 , 
43060.8 , 44861.6 , 45420.8 , 47298.2 , 48572.6 , 55818.9 , 56806 , 58791.8 , 60365 , 61410.7 , 63453.4 , 64037.6 , 64816.4 , 64816.4 , 
57045.1 , 58493.3 , 59372.9 , 59889.4 , 61315.6 , 65654.7 , 67707.5 , 75088.1 , 77303 , 78554.2 , 80412.3 , 81216.3 , 82864.4 , 82864.4 , 
134403 , 135590 , 136532 , 136738 , 138543 , 142337 , 143948 , 147754 , 150634 , 154824 , 159015 , 160132 , 161521 , 161527 , 
