milestone, 1, 2, 3, 5, 10, 20, 30, 40, 50, 60, 70, 80, 90, 100
180498 , 184113 , 186483 , 189841 , 192064 , 193644 , 194039 , 203197 , 203777 , 203777 , 203777 , 203777 , 203777 , 203777 , 
61257.5 , 66348.1 , 69724.3 , 74324 , 79524.2 , 82025.1 , 83066.7 , 86202.5 , 86316.6 , 86316.6 , 86316.6 , 86316.6 , 86316.6 , 86316.6 , 
178153 , 182027 , 183954 , 186037 , 188291 , 189281 , 189583 , 199091 , 199349 , 199349 , 199349 , 199349 , 199349 , 199349 , 
219782 , 221032 , 221312 , 222800 , 223959 , 225574 , 225725 , 231899 , 232357 , 232829 , 232931 , 232931 , 232931 , 232931 , 
224188 , 226151 , 227046 , 228828 , 229432 , 230107 , 230167 , 235329 , 235415 , 235604 , 235604 , 235604 , 235604 , 235604 , 
53568.2 , 59008.1 , 61933 , 66000.7 , 71455.7 , 74490.9 , 75384.5 , 79208.5 , 79763.9 , 79869.6 , 80027.7 , 80087.1 , 80087.1 , 80087.1 , 
8519.24 , 9538.52 , 9775.52 , 10034.3 , 10176.5 , 10217.6 , 10211.3 , 10692.9 , 10712.8 , 10712.8 , 10712.8 , 10712.8 , 10712.8 , 10712.8 , 
45102.3 , 48995.5 , 50844.8 , 54395.7 , 58815.7 , 61371.9 , 62205.4 , 66188.1 , 66337.8 , 66483.3 , 66574.6 , 66574.6 , 66574.6 , 66574.6 , 
230472 , 231639 , 231800 , 232081 , 232371 , 232518 , 232624 , 237479 , 237668 , 238300 , 238565 , 238745 , 238924 , 238924 , 
19334.9 , 20562.2 , 21305.4 , 22512.4 , 23873.4 , 25923.7 , 26259 , 26697.5 , 26707.5 , 26772 , 26772 , 26790.9 , 26790.9 , 26790.9 , 
13910.7 , 15401.5 , 16136.4 , 16993.9 , 17924.2 , 18471.6 , 18720.9 , 19553.9 , 19607.4 , 19645.1 , 19649.4 , 19694.3 , 19694.3 , 19694.3 , 
53637.1 , 54551.5 , 54955.5 , 55597.9 , 56280.2 , 56359.8 , 56472.1 , 57441.2 , 57441.2 , 57486.1 , 57503.3 , 57504.7 , 57593 , 57593 , 
2867.6 , 3227.02 , 3319.24 , 3532.86 , 3652.72 , 3676.4 , 3694.34 , 3788.44 , 3796.22 , 3800.94 , 3800.94 , 3806.7 , 3806.7 , 3806.7 , 
46569.7 , 47626 , 48184 , 48864.9 , 49637.7 , 49970.5 , 50213.9 , 52027.5 , 52045.2 , 52114.2 , 52114.2 , 52136.8 , 52136.8 , 52136.8 , 
60350 , 60702.5 , 60919.5 , 61158.9 , 61352.9 , 61613.2 , 61647.7 , 61798 , 61814.9 , 61849 , 61849 , 61849 , 61849 , 61849 , 
29802.2 , 31633.5 , 32607.9 , 33985.1 , 35393.9 , 37841.3 , 38070.5 , 38369.5 , 38369.5 , 38369.5 , 38369.5 , 38369.5 , 38369.5 , 38369.5 , 
10316.9 , 11481.5 , 12372.6 , 13237.1 , 14101.6 , 14563.4 , 14695 , 15256 , 15268.9 , 15346.3 , 15371.9 , 15371.9 , 15371.9 , 15371.9 , 
16160.6 , 17237.1 , 17814.6 , 18636 , 19495.7 , 20163.9 , 20474.4 , 21455.7 , 21487.6 , 21549.2 , 21555.5 , 21555.5 , 21555.5 , 21555.5 , 
29341.3 , 30774.5 , 31529.5 , 32536.1 , 33778 , 36072.2 , 36170.6 , 36463.6 , 36506.7 , 36560.5 , 36577.7 , 36577.7 , 36577.7 , 36577.7 , 
79976.1 , 82723.7 , 84002.7 , 85849.3 , 87469.9 , 88599.2 , 88989 , 92208.9 , 92529.1 , 92611.4 , 92611.4 , 92611.4 , 92654.3 , 92654.3 , 
73181.1 , 76189.7 , 77881.1 , 79841.6 , 82300.7 , 85007.1 , 85270.8 , 86954.8 , 87082.4 , 87123 , 87123 , 87123 , 87123 , 87123 , 
99077.9 , 100933 , 101690 , 102699 , 104184 , 104655 , 104887 , 108262 , 108313 , 108661 , 108661 , 108711 , 108711 , 108711 , 
23857 , 27404.3 , 29074.9 , 30634.9 , 32736 , 33397.6 , 33781.9 , 35806.6 , 35842.7 , 35897.9 , 35897.9 , 35897.9 , 35897.9 , 35897.9 , 
100044 , 102018 , 102723 , 103765 , 105262 , 105527 , 105826 , 107941 , 107989 , 108166 , 108256 , 108347 , 108347 , 108347 , 
43263 , 46182 , 47645.9 , 50395.3 , 54143 , 56434.4 , 56813.6 , 58161.9 , 58351 , 58412.5 , 58444.7 , 58471.4 , 58471.4 , 58471.4 , 
11114.5 , 12622.4 , 13205.6 , 14242.2 , 15151.3 , 15579.4 , 15840.3 , 16775.9 , 16857.9 , 17020 , 17069.5 , 17083.6 , 17083.6 , 17083.6 , 
39946.8 , 42546 , 44169.1 , 46811.5 , 49614.5 , 52583.7 , 53378.5 , 54148.2 , 54262.9 , 54366.8 , 54413.3 , 54480.1 , 54480.1 , 54480.1 , 
41502.4 , 44827.4 , 46136.2 , 48476.9 , 51145 , 53883.6 , 54381.5 , 56128.9 , 56319.9 , 56319.9 , 56319.9 , 56319.9 , 56319.9 , 56319.9 , 
56714.6 , 59579.9 , 61438.6 , 63590.3 , 66207.4 , 70378 , 70784.2 , 71557.9 , 71925.2 , 71961.1 , 71961.1 , 72001.2 , 72039.9 , 72039.9 , 
133281 , 136439 , 137730 , 140184 , 141877 , 142579 , 142998 , 147209 , 147412 , 147532 , 147590 , 147596 , 147662 , 147662 , 
188385 , 188677 , 188747 , 188904 , 189022 , 190877 , 190877 , 190877 , 190877 , 190877 , 190877 , 190877 , 190877 , 190877 , 
79505.1 , 83552 , 85496.1 , 88276.1 , 91134.5 , 97444.6 , 97936.8 , 99141.7 , 99258.2 , 99416.1 , 99416.1 , 99416.1 , 99416.1 , 99416.1 , 
44094.1 , 48604.3 , 50585.7 , 53517.3 , 57013.3 , 59963.2 , 60908.5 , 63747.5 , 64101.3 , 64329.6 , 64329.6 , 64329.6 , 64329.6 , 64329.6 , 
58473.7 , 62469.3 , 63860.5 , 66195.1 , 69441.8 , 72823.5 , 73397.5 , 75177 , 75529.8 , 75962.7 , 76060.5 , 76060.5 , 76060.5 , 76060.5 , 
18857.9 , 21367.5 , 22465 , 24413.2 , 26465.8 , 27162.1 , 27437.6 , 28842.4 , 28968.2 , 29067.4 , 29221.5 , 29222.9 , 29287.9 , 29287.9 , 
134772 , 138195 , 139463 , 141009 , 143121 , 144029 , 144607 , 148157 , 148587 , 148968 , 149028 , 149094 , 149158 , 149160 , 
97420.5 , 101220 , 103138 , 105312 , 107985 , 113743 , 114094 , 115098 , 115326 , 115666 , 115711 , 115882 , 115882 , 115882 , 
12682.9 , 14606.2 , 15686.6 , 16947.6 , 18276.5 , 19040 , 19235.2 , 20223.6 , 20291.4 , 20477.2 , 20477.2 , 20477.2 , 20477.2 , 20477.2 , 
88391.3 , 92014.8 , 94446.5 , 97856 , 101583 , 105608 , 105997 , 108427 , 108587 , 108713 , 108773 , 108829 , 108890 , 108890 , 
261946 , 284213 , 297752 , 313984 , 333669 , 348681 , 359715 , 371516 , 374075 , 377640 , 378849 , 378849 , 378849 , 378849 , 
924825 , 929985 , 932002 , 934328 , 935731 , 936186 , 936489 , 948860 , 949436 , 950170 , 950350 , 950350 , 950531 , 950531 , 
195905 , 219011 , 233077 , 249796 , 272583 , 285141 , 297368 , 301892 , 304281 , 309240 , 310122 , 310563 , 310775 , 310776 , 
18680.9 , 22621.6 , 24363.8 , 26047.2 , 28483 , 28992.4 , 29116.8 , 30093.5 , 30127.1 , 30345.2 , 30345.2 , 30448.6 , 30591 , 30591 , 
55081.7 , 66981.7 , 71857.8 , 80645.8 , 90898.8 , 96463 , 99236.6 , 103097 , 103685 , 103805 , 103866 , 103866 , 103866 , 103866 , 
719285 , 733232 , 742316 , 753113 , 767704 , 773417 , 777897 , 790819 , 793615 , 798106 , 798797 , 798797 , 798797 , 798797 , 
24603.5 , 30040.1 , 32033.9 , 34730.4 , 38272.1 , 39489.2 , 39839.7 , 41981.5 , 42148.9 , 42148.9 , 42148.9 , 42148.9 , 42148.9 , 42150.5 , 
611601 , 628544 , 637691 , 653041 , 673914 , 681277 , 688050 , 699262 , 701553 , 705566 , 707052 , 707551 , 707709 , 707709 , 
715728 , 735167 , 744058 , 754988 , 767395 , 772079 , 774778 , 787456 , 788815 , 793185 , 793547 , 793547 , 793547 , 793547 , 
539388 , 563055 , 572511 , 588290 , 605856 , 625190 , 628773 , 632234 , 633408 , 635161 , 635629 , 635634 , 635952 , 635952 , 
27720.1 , 31803.9 , 34362 , 36995.4 , 40733.1 , 43619.2 , 46023.8 , 48005.9 , 48476.6 , 49059.5 , 49302.2 , 49400 , 49417.7 , 49417.7 , 
185943 , 190882 , 192819 , 195469 , 199307 , 200998 , 202688 , 205350 , 206326 , 207456 , 207642 , 207685 , 207814 , 207814 , 
234045 , 236107 , 236739 , 237738 , 238831 , 239026 , 239235 , 241532 , 241791 , 241868 , 241916 , 241916 , 242000 , 242000 , 
209119 , 212923 , 214369 , 216218 , 218771 , 219511 , 220528 , 223740 , 224135 , 224498 , 224614 , 224614 , 224614 , 224614 , 
166602 , 172033 , 174258 , 177762 , 181773 , 183777 , 185089 , 188097 , 188704 , 189590 , 189800 , 189861 , 190051 , 190051 , 
55330.7 , 60544.4 , 62584.5 , 66172.9 , 70729.1 , 74001.9 , 76409.1 , 79681.1 , 80322.1 , 80943.2 , 81180.2 , 81261.2 , 81334.3 , 81334.3 , 
37569.9 , 41872.9 , 43737.7 , 46986.4 , 52115 , 54489.8 , 57191.1 , 58259.9 , 58686.9 , 59906.6 , 60105.5 , 60129.8 , 60172.1 , 60172.1 , 
119675 , 126084 , 129311 , 133985 , 139524 , 146813 , 147505 , 148080 , 148339 , 148533 , 148568 , 148604 , 148638 , 148638 , 
30277.1 , 35100.2 , 37603.6 , 40173.1 , 43387.3 , 45793.7 , 47365.7 , 49336 , 49607.8 , 50062.9 , 50212 , 50266.2 , 50352.1 , 50344.9 , 
230059 , 241471 , 245952 , 254629 , 266276 , 276514 , 279295 , 281357 , 281756 , 282853 , 283222 , 283597 , 284013 , 284013 , 
325876 , 336570 , 341822 , 349896 , 359501 , 363478 , 367081 , 371859 , 373450 , 375339 , 375730 , 375805 , 375805 , 375809 , 
156129 , 167244 , 173269 , 182127 , 193437 , 200232 , 205639 , 207929 , 209248 , 211860 , 213089 , 213300 , 213552 , 213560 , 
163267 , 177146 , 182234 , 190333 , 201810 , 212344 , 217640 , 222034 , 223422 , 225357 , 225883 , 225883 , 225883 , 225883 , 
160788 , 174101 , 182295 , 192548 , 205727 , 215087 , 220929 , 224154 , 225453 , 227613 , 228772 , 229290 , 229415 , 229415 , 
473649 , 475541 , 476166 , 477572 , 478572 , 478944 , 479260 , 483982 , 484598 , 484950 , 485131 , 485218 , 485218 , 485220 , 
409211 , 413207 , 415893 , 419209 , 422925 , 423829 , 425189 , 432332 , 433235 , 433595 , 433774 , 433774 , 433774 , 433774 , 
164843 , 175977 , 180844 , 189125 , 200352 , 208137 , 212958 , 214691 , 216612 , 218629 , 219978 , 219978 , 220048 , 220054 , 
266114 , 276778 , 280841 , 288757 , 300720 , 310624 , 313293 , 315802 , 316659 , 317010 , 317786 , 317947 , 318021 , 318021 , 
60135 , 70098.9 , 73957.6 , 80867.8 , 89024.5 , 95028.3 , 100576 , 103406 , 104522 , 106201 , 106961 , 107053 , 107234 , 107234 , 
83720.5 , 95788.9 , 101164 , 111515 , 122258 , 130441 , 136108 , 142943 , 144152 , 145522 , 145808 , 146109 , 146109 , 146109 , 
363092 , 379348 , 387431 , 402298 , 417919 , 436564 , 438700 , 440449 , 440708 , 441839 , 442644 , 442644 , 442644 , 442644 , 
206586 , 218151 , 224236 , 235831 , 250261 , 261518 , 269129 , 278131 , 280640 , 283146 , 284434 , 284708 , 285120 , 285120 , 
34913.9 , 40445 , 44166.2 , 49023.1 , 56184.6 , 60119 , 61223.5 , 64184.8 , 64396 , 64651.6 , 64651.6 , 64656.7 , 64699.5 , 64699.5 , 
75174.5 , 82927 , 86977.8 , 95690.5 , 105114 , 112600 , 119280 , 126067 , 128173 , 129793 , 130094 , 130420 , 130791 , 130791 , 
81405.1 , 93361.7 , 98927.3 , 109440 , 124713 , 130740 , 135474 , 138825 , 139749 , 141492 , 142000 , 142204 , 142479 , 142479 , 
151277 , 167514 , 174360 , 183733 , 198720 , 210031 , 218279 , 228534 , 230963 , 233319 , 233685 , 233685 , 233763 , 233763 , 
185143 , 201195 , 208348 , 220503 , 238317 , 248928 , 259659 , 264829 , 267440 , 271079 , 272638 , 273952 , 274714 , 274714 , 
548052 , 560863 , 567694 , 575693 , 585765 , 589720 , 593963 , 603832 , 606469 , 608623 , 609048 , 609048 , 609051 , 609057 , 
446508 , 461275 , 469393 , 478741 , 493886 , 503868 , 508561 , 512824 , 514910 , 517699 , 519150 , 519278 , 519504 , 519504 , 
317729 , 326082 , 332094 , 341673 , 353562 , 365012 , 367760 , 369180 , 370119 , 371428 , 371708 , 371832 , 372035 , 372054 , 
14685.1 , 17573.6 , 18719.5 , 21731.9 , 24947.9 , 26833.1 , 27936.3 , 29167.7 , 29350.2 , 29640.2 , 29669.8 , 29701.8 , 29740.6 , 29740.6 , 
211997 , 224034 , 230023 , 239794 , 252422 , 263377 , 267472 , 269004 , 269858 , 270946 , 272010 , 272355 , 272683 , 272674 , 
391244 , 404436 , 409168 , 418076 , 428251 , 431405 , 436679 , 439998 , 441843 , 444036 , 445725 , 446247 , 446957 , 446957 , 
8647.48 , 10714.1 , 11431.8 , 12425.6 , 13832.5 , 14475.7 , 14696.9 , 15248.1 , 15330.2 , 15369.6 , 15369.6 , 15386.8 , 15386.8 , 15386.8 , 
186872 , 200053 , 205928 , 216058 , 230591 , 241477 , 251958 , 255212 , 258389 , 261143 , 263148 , 264460 , 265686 , 265719 , 
452790 , 458364 , 463423 , 469288 , 475423 , 477505 , 481304 , 485284 , 486173 , 488381 , 488665 , 488894 , 489145 , 489145 , 
6406.54 , 7381.22 , 7820.44 , 8434.4 , 8935.42 , 9081.56 , 9217.94 , 9425.66 , 9433.2 , 9493.14 , 9507.54 , 9535.56 , 9558.96 , 9552.22 , 
168737 , 179380 , 186047 , 195529 , 213597 , 224712 , 234486 , 237724 , 240291 , 243361 , 244549 , 245718 , 246865 , 246910 , 
946146 , 956635 , 962561 , 971267 , 980066 , 983530 , 987450 , 1.00176e+06 , 1.00433e+06 , 1.00706e+06 , 1.00746e+06 , 1.00746e+06 , 1.00746e+06 , 1.00746e+06 , 
352138 , 381693 , 396359 , 417508 , 445067 , 465008 , 481996 , 486810 , 491374 , 496458 , 499077 , 501289 , 503015 , 503184 , 
52904.8 , 63372.2 , 67317.5 , 74142.7 , 83771 , 92260.9 , 98876.5 , 103823 , 104779 , 106664 , 107301 , 107389 , 107462 , 107462 , 
788916 , 806829 , 814287 , 827139 , 842904 , 848929 , 856784 , 866576 , 870929 , 875414 , 877193 , 878188 , 878707 , 878707 , 
175987 , 199209 , 210960 , 230516 , 255378 , 269832 , 288703 , 294590 , 299700 , 304673 , 307098 , 308265 , 309147 , 309185 , 
607562 , 627959 , 639031 , 655231 , 677480 , 699487 , 702933 , 705850 , 707088 , 707540 , 707807 , 708494 , 708501 , 708502 , 
614203 , 637547 , 648570 , 667268 , 688621 , 706287 , 711819 , 716045 , 717268 , 719396 , 720077 , 720947 , 721846 , 721877 , 
24175.3 , 30307.2 , 32435.9 , 35777.4 , 39996.9 , 42306.4 , 42938.5 , 44782.3 , 44918.2 , 45034.5 , 45064.8 , 45077.1 , 45116.2 , 45116.2 , 
643694 , 666736 , 679363 , 695904 , 719379 , 736066 , 744084 , 748467 , 750684 , 754422 , 756561 , 757987 , 759820 , 759827 , 
643949 , 668574 , 681224 , 697525 , 719689 , 737920 , 742935 , 745933 , 748111 , 749878 , 750407 , 751881 , 753398 , 753398 , 
