milestone, 1, 2, 3, 5, 10, 20, 30, 40, 50, 60, 70, 80, 90, 100
175574 , 179934 , 183406 , 186575 , 190729 , 192552 , 193333 , 202804 , 203757 , 203757 , 203757 , 203757 , 203757 , 203757 , 
55791.3 , 61526.4 , 64965.2 , 69575.4 , 76258.7 , 82144 , 84987.5 , 87127.5 , 87603.7 , 87882.9 , 87938.2 , 87938.2 , 87986.7 , 87986.7 , 
176069 , 179677 , 181569 , 184235 , 187453 , 189234 , 189845 , 200029 , 201762 , 201925 , 201925 , 201925 , 201925 , 201925 , 
219154 , 220253 , 220667 , 221606 , 223013 , 224501 , 225044 , 232353 , 233428 , 234055 , 234063 , 234233 , 234687 , 234687 , 
223713 , 224970 , 226095 , 227938 , 229229 , 230411 , 230735 , 237567 , 238608 , 239168 , 239168 , 239168 , 239168 , 239168 , 
47995.1 , 54294.2 , 57135.4 , 61307.8 , 68654.9 , 73728 , 75556.2 , 79366.8 , 80707.8 , 80762.7 , 80762.7 , 80762.7 , 80762.7 , 80762.7 , 
7354.44 , 8896.06 , 9220.26 , 9800.2 , 10130.7 , 10162 , 10163.8 , 10763.7 , 10763.9 , 10804.4 , 10804.4 , 10804.4 , 10804.4 , 10804.4 , 
41746.4 , 45397.1 , 47585.9 , 51475 , 57789.6 , 61364.8 , 63343.4 , 66859.5 , 67248.3 , 67337.2 , 67338.3 , 67338.3 , 67338.3 , 67338.3 , 
229026 , 230558 , 231148 , 231774 , 232088 , 232383 , 232481 , 236400 , 236848 , 238398 , 238669 , 238939 , 239113 , 239113 , 
17847.8 , 19424.7 , 20156.4 , 21548.6 , 23219.9 , 25461.7 , 26087.4 , 26454.8 , 26543.1 , 26561.1 , 26589.8 , 26605 , 26613.5 , 26613.5 , 
12820.9 , 14261.8 , 15048.9 , 16308.9 , 17697.7 , 18514.6 , 18970 , 19954.3 , 20252.6 , 20299.2 , 20328.9 , 20342.2 , 20342.2 , 20342.2 , 
53115.5 , 53958.5 , 54492.4 , 55185.4 , 56052.3 , 56213.4 , 56406.6 , 57782.1 , 57929.9 , 57970.1 , 57970.1 , 57970.1 , 57992.1 , 57992.1 , 
2325 , 2814.12 , 3076.56 , 3385.94 , 3643.6 , 3683.78 , 3710.38 , 3872.22 , 3891.74 , 3918.52 , 3924.16 , 3924.16 , 3924.16 , 3924.16 , 
45516.2 , 46674.8 , 47373.1 , 48299.4 , 49292.3 , 49674.9 , 50087.6 , 52042.6 , 52437.3 , 52512.4 , 52512.4 , 52512.4 , 52512.4 , 52512.4 , 
59931.8 , 60292.9 , 60577.8 , 60993.8 , 61358.2 , 61729.1 , 61789.2 , 61913.3 , 61926.7 , 61926.7 , 61926.7 , 61926.7 , 61926.7 , 61926.7 , 
28673.1 , 30192.7 , 31054.9 , 32645.8 , 34496.7 , 37290.4 , 37689.3 , 38226 , 38257.8 , 38257.8 , 38257.8 , 38257.8 , 38257.8 , 38257.8 , 
9525.72 , 10864.6 , 11339.9 , 12606.5 , 13874 , 14340.8 , 14589.7 , 15425.2 , 15583.3 , 15583.5 , 15583.5 , 15583.5 , 15583.5 , 15583.5 , 
14504.5 , 15857.8 , 16503.3 , 17754.4 , 19283 , 20183.9 , 20528.1 , 21364.9 , 21497.3 , 21544.1 , 21587.7 , 21598.7 , 21609.3 , 21609.3 , 
28620.1 , 30052.3 , 30491.1 , 31843.1 , 33565.6 , 35882.6 , 36307.4 , 36860.7 , 36956.7 , 36991.5 , 36991.5 , 36991.5 , 36991.5 , 36991.5 , 
78248.7 , 80738.4 , 82018.5 , 84249.6 , 86492.7 , 87817.6 , 88713.7 , 92812.5 , 93424.1 , 93467 , 93467 , 93467 , 93467 , 93467 , 
71270.4 , 74339 , 75416.4 , 77805.3 , 81145.9 , 84680.3 , 85532.3 , 87878.7 , 88108.2 , 88264.2 , 88365.5 , 88365.5 , 88365.5 , 88365.5 , 
97658.8 , 99620.1 , 100423 , 102082 , 103740 , 104431 , 104732 , 109386 , 109912 , 109960 , 109960 , 109960 , 110012 , 110012 , 
22808.7 , 25440.3 , 27116.1 , 29296.8 , 32159.3 , 33378.8 , 34102.2 , 36448.2 , 36800.9 , 36936 , 36997.7 , 36997.7 , 36997.7 , 36997.7 , 
99282.7 , 101099 , 101894 , 102954 , 104751 , 105322 , 105753 , 108284 , 108676 , 108854 , 108942 , 108942 , 108988 , 108988 , 
39966.5 , 44241.3 , 45796.5 , 48092.9 , 52438.4 , 57853.7 , 58853.6 , 59798 , 59926.6 , 59953.6 , 59953.6 , 59982.4 , 59982.4 , 59982.4 , 
10312.9 , 12140.6 , 12829.1 , 13954.7 , 15145.6 , 15639.4 , 16041 , 17090.3 , 17310.4 , 17363.2 , 17432.3 , 17431.1 , 17449.5 , 17449.5 , 
38179.8 , 40998.9 , 42697.7 , 45385.3 , 49146.7 , 54184.6 , 54975 , 55483.7 , 55635.8 , 55737.3 , 55737.3 , 55737.3 , 55737.3 , 55740.1 , 
38909.5 , 42563.1 , 44328.5 , 47484.4 , 50968.2 , 56280.3 , 57127.7 , 57948.2 , 58133.9 , 58134.1 , 58134.1 , 58134.1 , 58134.1 , 58134.1 , 
55001.5 , 58053.8 , 59572.8 , 61866.6 , 65307 , 70735.3 , 71414.5 , 72796.4 , 73034.1 , 73034.1 , 73036.6 , 73036.6 , 73036.6 , 73036.6 , 
132210 , 134838 , 136388 , 138944 , 141443 , 142301 , 142917 , 148608 , 149187 , 149585 , 149657 , 149657 , 149657 , 149657 , 
188656 , 188733 , 188812 , 188845 , 188879 , 190989 , 190991 , 191062 , 191062 , 191062 , 191062 , 191062 , 191062 , 191062 , 
77634.9 , 81628.3 , 83294.8 , 86832.4 , 91106 , 100647 , 101428 , 102404 , 102482 , 102534 , 102534 , 102578 , 102578 , 102578 , 
41813.6 , 45799.1 , 47867.6 , 51675.1 , 56920.1 , 61874.5 , 63692.9 , 65354.2 , 65778.2 , 66112.9 , 66286 , 66332.3 , 66332.3 , 66332.3 , 
55494.8 , 59505.5 , 62008.4 , 65465.5 , 68847.1 , 75907.9 , 77447 , 78445.1 , 78653.5 , 78653.5 , 78653.5 , 78653.5 , 78653.5 , 78653.5 , 
17448.9 , 20069.7 , 21740.8 , 23919.5 , 26572.1 , 27092.1 , 27481.9 , 29971 , 30201.3 , 30205.1 , 30318.1 , 30318.1 , 30318.1 , 30318.1 , 
131338 , 135634 , 137372 , 140275 , 142803 , 143433 , 144395 , 150678 , 151046 , 151410 , 151611 , 151611 , 151617 , 151617 , 
94390.7 , 97901.1 , 100246 , 103317 , 107204 , 112867 , 113759 , 117288 , 117558 , 117559 , 117559 , 117572 , 117572 , 117572 , 
11490.6 , 14001.6 , 14853.3 , 16189.2 , 18453.5 , 18986.3 , 19327.5 , 21137.7 , 21470.2 , 21552.3 , 21576.7 , 21576.7 , 21576.7 , 21576.7 , 
85675.5 , 89681.6 , 92126.1 , 95856.4 , 100375 , 108286 , 109311 , 111266 , 111836 , 111935 , 111935 , 112050 , 112050 , 112050 , 
244902 , 266498 , 279380 , 301855 , 330361 , 347286 , 364507 , 374330 , 378390 , 383935 , 387382 , 387745 , 388242 , 388242 , 
922184 , 926187 , 928753 , 933277 , 935358 , 935723 , 936197 , 952013 , 953314 , 953322 , 953322 , 953322 , 953518 , 953518 , 
178805 , 203194 , 214990 , 230864 , 258604 , 274924 , 292386 , 300311 , 305045 , 309528 , 313350 , 313658 , 314018 , 314018 , 
15290.6 , 19255.6 , 21747.1 , 24918.1 , 27840.6 , 28635.7 , 28983.6 , 30538.6 , 30808.3 , 30840 , 30908 , 30948 , 30947.1 , 30947.1 , 
48534.6 , 59105.1 , 64116 , 73681 , 88054.9 , 93581.3 , 98556.5 , 102712 , 104040 , 105134 , 105385 , 105444 , 105444 , 105444 , 
708834 , 721761 , 731245 , 743565 , 763636 , 769444 , 776341 , 796545 , 802009 , 803439 , 803963 , 804505 , 804681 , 804681 , 
21199.3 , 26842.9 , 30066.3 , 33667.3 , 38393.1 , 39535.3 , 40020.1 , 42161.2 , 42368.1 , 42602.9 , 42646.5 , 42646.5 , 42646.5 , 42646.5 , 
597913 , 618513 , 625624 , 643285 , 664217 , 675813 , 686669 , 701195 , 706946 , 712450 , 714629 , 714786 , 714956 , 714956 , 
707685 , 722952 , 731431 , 743793 , 762309 , 767710 , 773609 , 793482 , 797791 , 800046 , 801831 , 802000 , 802000 , 802000 , 
515767 , 544432 , 556109 , 571450 , 594420 , 619104 , 625244 , 629445 , 633599 , 637502 , 638343 , 638680 , 638680 , 638680 , 
25333.3 , 28820.6 , 31098 , 34454.8 , 39737.4 , 42375.4 , 45926.2 , 47220.1 , 48160 , 49233.3 , 49557.2 , 49687.8 , 49839.8 , 49853.1 , 
183359 , 187836 , 189673 , 193550 , 198224 , 200062 , 201974 , 206223 , 207678 , 208336 , 208426 , 208449 , 208449 , 208449 , 
232086 , 234316 , 235379 , 236795 , 238398 , 238735 , 239077 , 242694 , 243069 , 243323 , 243371 , 243411 , 243525 , 243525 , 
207729 , 211019 , 212704 , 214946 , 218072 , 219160 , 220268 , 224593 , 225673 , 226037 , 226116 , 226116 , 226116 , 226116 , 
163059 , 168611 , 170574 , 174718 , 179971 , 182764 , 184870 , 188348 , 189681 , 190662 , 191150 , 191190 , 191190 , 191190 , 
50247.1 , 54535.8 , 57757.5 , 62796.6 , 68802.3 , 73049.4 , 76219.3 , 78491 , 79459.5 , 80352.9 , 80889.5 , 81007 , 81251.2 , 81224.7 , 
35101 , 38308.8 , 40130.1 , 43786.3 , 49207.1 , 51971.7 , 55689.3 , 57468.5 , 58323.5 , 59570.8 , 60241 , 60311.6 , 60392.9 , 60392.9 , 
113821 , 119165 , 123919 , 130000 , 136688 , 143895 , 145375 , 146366 , 146990 , 147353 , 147488 , 147512 , 147551 , 147551 , 
28528.6 , 31293.4 , 33811.6 , 37168 , 42061.2 , 44144.3 , 47248.4 , 48605.5 , 49649.4 , 50352.7 , 50793.3 , 50930 , 51048.2 , 51049 , 
224176 , 233345 , 238166 , 247211 , 260407 , 277035 , 280127 , 281498 , 281835 , 282618 , 283044 , 283107 , 283107 , 283107 , 
320270 , 328052 , 333297 , 342149 , 353192 , 360584 , 366030 , 371212 , 373636 , 376312 , 377660 , 377660 , 377660 , 377660 , 
148254 , 158151 , 162303 , 172094 , 185898 , 198428 , 202782 , 205912 , 207865 , 209225 , 210294 , 210625 , 210677 , 210677 , 
157186 , 167947 , 173968 , 183888 , 199955 , 211674 , 217687 , 221009 , 222708 , 224971 , 226423 , 226423 , 226423 , 226423 , 
156088 , 163920 , 168169 , 178972 , 196035 , 211122 , 216545 , 220297 , 221932 , 222879 , 223603 , 223757 , 224484 , 224484 , 
472097 , 474141 , 475169 , 476893 , 478136 , 478660 , 479028 , 486327 , 487204 , 487376 , 487463 , 487463 , 487463 , 487463 , 
404899 , 408896 , 412141 , 415630 , 420477 , 422568 , 424706 , 434040 , 435268 , 435510 , 435510 , 435510 , 435510 , 435510 , 
157209 , 166847 , 173783 , 182906 , 195368 , 208857 , 213363 , 215683 , 216800 , 217466 , 218297 , 218420 , 218490 , 218490 , 
259091 , 266501 , 271920 , 281991 , 294823 , 307464 , 311481 , 314839 , 316937 , 318432 , 318837 , 318912 , 318912 , 318913 , 
54950.8 , 63299.1 , 66944.6 , 74651.1 , 87215.7 , 92788.8 , 99832.9 , 103392 , 105704 , 107799 , 109097 , 109221 , 109300 , 109300 , 
79256.7 , 88510.9 , 94474.6 , 102018 , 117019 , 125710 , 135903 , 140670 , 142808 , 146418 , 148574 , 148716 , 148716 , 148718 , 
349624 , 371021 , 380174 , 393498 , 413318 , 434801 , 439203 , 440670 , 441438 , 443400 , 444666 , 444767 , 444767 , 444767 , 
193440 , 202421 , 212249 , 225259 , 244494 , 262147 , 269479 , 274604 , 277526 , 279830 , 281523 , 281906 , 282298 , 282298 , 
30109.4 , 35451.7 , 39356.8 , 45588.7 , 55158.4 , 58708.3 , 61047.5 , 63749.1 , 64509.1 , 65335.3 , 65645.9 , 65645.9 , 65652.1 , 65654.4 , 
66045.9 , 74794.3 , 79779.1 , 89167.9 , 101760 , 109696 , 119969 , 124726 , 127606 , 131272 , 133400 , 133706 , 133901 , 133901 , 
72874.9 , 85770.9 , 91782.6 , 101123 , 117058 , 124550 , 133164 , 137810 , 141219 , 143688 , 144889 , 145012 , 145012 , 145012 , 
141113 , 154330 , 161850 , 174365 , 195754 , 206522 , 220035 , 226162 , 229888 , 234239 , 236519 , 236959 , 237391 , 237391 , 
174151 , 187801 , 196337 , 208980 , 230421 , 244269 , 257275 , 262884 , 266659 , 269541 , 271589 , 272199 , 272921 , 272921 , 
543087 , 555114 , 560954 , 571352 , 584281 , 590591 , 595497 , 609834 , 613428 , 615435 , 615819 , 615819 , 615828 , 615828 , 
437380 , 452714 , 462618 , 471477 , 490563 , 503859 , 509087 , 516864 , 520536 , 523699 , 524724 , 525336 , 525722 , 525722 , 
310840 , 321590 , 326067 , 335919 , 349900 , 363285 , 366587 , 368700 , 370157 , 371313 , 371956 , 372193 , 372549 , 372547 , 
12414.8 , 15136.8 , 17202.3 , 20379.8 , 24870.4 , 26596.9 , 28268.4 , 29425.8 , 30051.8 , 30335.8 , 30431.6 , 30477 , 30522 , 30522 , 
204694 , 212431 , 218400 , 227699 , 243925 , 258949 , 261471 , 263363 , 264225 , 264832 , 265389 , 265522 , 265953 , 265953 , 
384968 , 394843 , 399115 , 408169 , 419701 , 424081 , 431391 , 435215 , 438405 , 441201 , 443489 , 444240 , 445004 , 445004 , 
7171 , 9250.58 , 10251.9 , 11802.7 , 13948.3 , 14478.8 , 14758.9 , 15178.6 , 15238.6 , 15308.6 , 15338.7 , 15330.8 , 15323.1 , 15323.3 , 
178131 , 189497 , 196506 , 204287 , 221139 , 233206 , 242128 , 246333 , 250297 , 252996 , 255489 , 257033 , 258942 , 259133 , 
447053 , 453099 , 456335 , 462497 , 470551 , 473625 , 477651 , 482049 , 483517 , 485415 , 486563 , 486758 , 486831 , 486831 , 
5112.68 , 6493.66 , 7219.76 , 8111.76 , 8863.62 , 9123.32 , 9212 , 9398.82 , 9426.26 , 9467.86 , 9477 , 9483.96 , 9483.96 , 9483.96 , 
157076 , 170222 , 176380 , 186285 , 201965 , 213771 , 223613 , 227895 , 232532 , 236177 , 238173 , 240056 , 242806 , 242920 , 
939201 , 950834 , 956635 , 964991 , 975628 , 978950 , 983645 , 996048 , 1.00069e+06 , 1.00217e+06 , 1.00364e+06 , 1.0038e+06 , 1.00406e+06 , 1.00406e+06 , 
334439 , 353328 , 366645 , 388034 , 417521 , 440715 , 460613 , 470076 , 477402 , 484360 , 489313 , 492520 , 496417 , 496973 , 
47798.9 , 53665.7 , 57792.3 , 66241.7 , 79324.5 , 87738 , 97009 , 100329 , 102592 , 104602 , 105524 , 106071 , 106892 , 106882 , 
775998 , 792775 , 802829 , 813748 , 833412 , 841221 , 851453 , 859635 , 864666 , 871914 , 875220 , 876355 , 878279 , 878279 , 
160136 , 181632 , 192208 , 206673 , 230931 , 248709 , 271140 , 280089 , 288719 , 295519 , 298518 , 301822 , 305256 , 305530 , 
654614 , 664794 , 668515 , 672815 , 682015 , 699682 , 709442 , 710689 , 710705 , 710705 , 710705 , 710705 , 710705 , 710705 , 
657791 , 673017 , 677189 , 679885 , 689762 , 706640 , 715221 , 716740 , 716775 , 716775 , 716775 , 716775 , 716775 , 716775 , 
5004.82 , 5004.82 , 5004.82 , 5004.82 , 23624.8 , 41845.2 , 43005.7 , 43010.5 , 43010.5 , 43010.5 , 43010.5 , 43010.5 , 43010.5 , 43010.5 , 
689018 , 698789 , 701724 , 706118 , 718081 , 736999 , 747178 , 748107 , 748124 , 748124 , 748124 , 748124 , 748124 , 748124 , 
689271 , 699220 , 701605 , 706206 , 718116 , 735570 , 744949 , 746139 , 746147 , 746153 , 746153 , 746153 , 746153 , 746153 , 
