milestone, 1, 2, 3, 5, 10, 20, 30, 40, 50, 60, 70, 80, 90, 100
175464 , 179304 , 182408 , 186481 , 190817 , 193020 , 193763 , 201484 , 202437 , 202531 , 202531 , 202531 , 202531 , 202531 , 
57689.6 , 62227.1 , 64757.1 , 70359.7 , 77137.2 , 80407.7 , 82097.1 , 84902.8 , 85377.1 , 85700.6 , 85814.5 , 85814.5 , 85814.5 , 85814.5 , 
176836 , 179683 , 181433 , 183828 , 186523 , 187571 , 188169 , 197190 , 198359 , 198774 , 198934 , 199018 , 199018 , 199018 , 
219208 , 220268 , 220503 , 221475 , 223269 , 224648 , 224945 , 230709 , 231279 , 231373 , 231465 , 231465 , 231465 , 231465 , 
223020 , 224638 , 225785 , 227114 , 229054 , 229627 , 229807 , 234514 , 234881 , 235265 , 235265 , 235265 , 235265 , 235265 , 
46705.2 , 53039.9 , 56632.2 , 60938.1 , 67832 , 71919.9 , 74489.6 , 77577.5 , 78186.5 , 78770.8 , 79043.2 , 79043.2 , 79043.2 , 79043.2 , 
7051.5 , 8782.88 , 9144.3 , 9764.94 , 10078.3 , 10154.4 , 10174.4 , 10752.3 , 10791.3 , 10791.3 , 10791.3 , 10791.3 , 10791.3 , 10791.3 , 
40919 , 45141.2 , 46972.8 , 50986.1 , 57443.2 , 60303 , 62246.5 , 65424.6 , 66022.1 , 66470.2 , 66706.7 , 66706.7 , 66706.7 , 66706.7 , 
229412 , 230398 , 231225 , 231629 , 232095 , 232414 , 232516 , 237845 , 238218 , 239021 , 239021 , 239021 , 239021 , 239021 , 
17496.5 , 19050 , 19964.5 , 21351.7 , 22982.1 , 25064.6 , 25572.1 , 25806.6 , 25944.6 , 26008.7 , 26055.6 , 26055.6 , 26055.6 , 26055.6 , 
12787.5 , 14356 , 15228.7 , 16238.6 , 17534.2 , 18373.7 , 18702.9 , 19587.9 , 19763.9 , 19853.5 , 19894 , 19894 , 19894 , 19894 , 
53149.8 , 53871 , 54445 , 54982.9 , 55792 , 56103.8 , 56401.5 , 57521.4 , 57654.3 , 57748.7 , 57792.2 , 57793.6 , 57814.6 , 57814.6 , 
2372.42 , 2777.46 , 2962.24 , 3352.74 , 3583.26 , 3642.84 , 3675.68 , 3831.72 , 3858.18 , 3863.78 , 3878.42 , 3878.42 , 3878.42 , 3878.42 , 
45859.6 , 46815.9 , 47468.4 , 48240.9 , 49241.3 , 49820.6 , 50184.4 , 51599.2 , 51753.1 , 51844.3 , 51884.7 , 51884.7 , 51885.6 , 51888 , 
59856.9 , 60335.1 , 60597 , 60978.6 , 61247.6 , 61645.3 , 61698.8 , 61852.6 , 61870.2 , 61870.2 , 61870.2 , 61870.2 , 61870.2 , 61870.2 , 
28460.4 , 30555.5 , 31410.4 , 32729.2 , 34448.6 , 36990.4 , 37418.3 , 37801.2 , 37814.9 , 37862.1 , 37885.9 , 37885.9 , 37885.9 , 37885.9 , 
9171.12 , 10499.2 , 11299.7 , 12456.9 , 13764.8 , 14202.6 , 14512.4 , 15256.4 , 15335.7 , 15393.8 , 15403 , 15403 , 15403 , 15403 , 
14243.5 , 15826.7 , 16442.4 , 17681.2 , 19149.8 , 19959.2 , 20527.8 , 21286.4 , 21457 , 21515.4 , 21551.1 , 21552 , 21568.7 , 21567.9 , 
28285.9 , 29497 , 30191.8 , 31449.1 , 33242.7 , 35529.2 , 35934.4 , 36239.6 , 36378.9 , 36422.6 , 36429.7 , 36429.7 , 36429.7 , 36429.7 , 
77393.3 , 79930.5 , 81366.4 , 83825.3 , 86448.2 , 88057 , 88619.2 , 92344 , 92758.8 , 92926 , 92926 , 92926 , 92926 , 92926 , 
70660.5 , 73477 , 75413.4 , 77727.2 , 80890.5 , 83938.3 , 84876 , 87202.8 , 87559.8 , 87976.6 , 88050.8 , 88050.8 , 88050.8 , 88050.8 , 
97985.8 , 99733.5 , 100672 , 101822 , 103509 , 104029 , 104426 , 108391 , 108600 , 108642 , 108642 , 108642 , 108642 , 108643 , 
23313.8 , 25802.9 , 26886.6 , 29691.9 , 32216.3 , 33443.4 , 33961.4 , 35737.2 , 36068 , 36136.9 , 36136.9 , 36142.3 , 36142.3 , 36145.8 , 
99334 , 101197 , 102226 , 103093 , 104605 , 105165 , 105666 , 107954 , 108403 , 108709 , 108750 , 108750 , 108796 , 108796 , 
40212.3 , 43162.2 , 45214 , 48055.9 , 52013.6 , 56809.9 , 57935 , 58745 , 58918.4 , 58949.4 , 58949.4 , 58949.4 , 58956.1 , 58956.1 , 
10203.1 , 11574 , 12442.8 , 13461.8 , 15052.8 , 15502 , 15857.3 , 16829.2 , 17004.6 , 17132.1 , 17132.1 , 17136.9 , 17141.4 , 17141.8 , 
37634 , 40283.6 , 41703.2 , 44545.3 , 48542.4 , 52906.4 , 53674.1 , 54151.7 , 54575.7 , 54622 , 54622 , 54622 , 54622 , 54622 , 
38978.9 , 42397.3 , 44418.2 , 46525.5 , 50287.9 , 54661.2 , 55737 , 56773.8 , 56990.9 , 56990.9 , 56990.9 , 56990.9 , 56990.9 , 56990.9 , 
53939.4 , 57489.8 , 59582.3 , 61484 , 65024.2 , 69622.2 , 70411.2 , 71775.3 , 71939.6 , 72073.7 , 72073.7 , 72073.7 , 72073.7 , 72073.7 , 
131203 , 133921 , 135502 , 138544 , 140694 , 141974 , 142939 , 147940 , 148928 , 149127 , 149191 , 149191 , 149191 , 149191 , 
188654 , 188759 , 188839 , 188865 , 188868 , 190861 , 190861 , 190861 , 190861 , 190861 , 190861 , 190861 , 190861 , 190861 , 
77017.8 , 80359.4 , 82849.8 , 86630.7 , 90387.5 , 98586.4 , 99451.9 , 100850 , 101070 , 101124 , 101231 , 101231 , 101231 , 101231 , 
41814.9 , 45889.9 , 47848 , 50906.4 , 56347.2 , 60276.4 , 62114.8 , 64714.2 , 65199.1 , 65633.5 , 65744.5 , 65761.9 , 65845.2 , 65845.2 , 
54900.8 , 59396.7 , 61516.6 , 64509.5 , 68419.1 , 74114 , 75331.6 , 77326.8 , 77631.7 , 77716.3 , 77769.4 , 77769.4 , 77769.4 , 77769.4 , 
17959.9 , 20412 , 21674.1 , 23564.6 , 26178.9 , 27058.2 , 27464.8 , 29164.9 , 29523.9 , 29646.7 , 29677.1 , 29678.6 , 29711.6 , 29711.6 , 
132364 , 135391 , 136942 , 139758 , 142606 , 143484 , 144440 , 150682 , 151448 , 151512 , 151575 , 151575 , 151575 , 151575 , 
94506.1 , 98057.1 , 100175 , 102833 , 106678 , 114269 , 114966 , 116121 , 116262 , 116549 , 116671 , 116671 , 116671 , 116671 , 
11668.1 , 13149.6 , 14260.2 , 16085.1 , 18203.6 , 18951.7 , 19287.7 , 20871.1 , 21052.7 , 21117.3 , 21175.5 , 21203.6 , 21203.6 , 21203.6 , 
85852.2 , 89941.7 , 92042.1 , 95439.7 , 100084 , 108766 , 109699 , 110709 , 111053 , 111278 , 111339 , 111391 , 111391 , 111391 , 
244902 , 266498 , 279380 , 301855 , 330361 , 347286 , 364507 , 374330 , 378390 , 383935 , 387382 , 387745 , 388242 , 388242 , 
922184 , 926187 , 928753 , 933277 , 935358 , 935723 , 936197 , 952013 , 953314 , 953322 , 953322 , 953322 , 953518 , 953518 , 
178805 , 203194 , 214990 , 230864 , 258604 , 274924 , 292386 , 300311 , 305045 , 309528 , 313350 , 313658 , 314018 , 314018 , 
15290.6 , 19255.6 , 21747.1 , 24918.1 , 27840.6 , 28635.7 , 28983.6 , 30538.6 , 30808.3 , 30840 , 30908 , 30948 , 30947.1 , 30947.1 , 
48534.6 , 59105.1 , 64116 , 73681 , 88054.9 , 93581.3 , 98556.5 , 102712 , 104040 , 105134 , 105385 , 105444 , 105444 , 105444 , 
708834 , 721761 , 731245 , 743565 , 763636 , 769444 , 776341 , 796545 , 802009 , 803439 , 803963 , 804505 , 804681 , 804681 , 
21199.3 , 26842.9 , 30066.3 , 33667.3 , 38393.1 , 39535.3 , 40020.1 , 42161.2 , 42368.1 , 42602.9 , 42646.5 , 42646.5 , 42646.5 , 42646.5 , 
597913 , 618513 , 625624 , 643285 , 664217 , 675813 , 686669 , 701195 , 706946 , 712450 , 714629 , 714786 , 714956 , 714956 , 
707685 , 722952 , 731431 , 743793 , 762309 , 767710 , 773609 , 793482 , 797791 , 800046 , 801831 , 802000 , 802000 , 802000 , 
515767 , 544432 , 556109 , 571450 , 594420 , 619104 , 625244 , 629445 , 633599 , 637502 , 638343 , 638680 , 638680 , 638680 , 
25333.3 , 28820.6 , 31098 , 34454.8 , 39737.4 , 42375.4 , 45926.2 , 47220.1 , 48160 , 49233.3 , 49557.2 , 49687.8 , 49839.8 , 49853.1 , 
183359 , 187836 , 189673 , 193550 , 198224 , 200062 , 201974 , 206223 , 207678 , 208336 , 208426 , 208449 , 208449 , 208449 , 
232086 , 234316 , 235379 , 236795 , 238398 , 238735 , 239077 , 242694 , 243069 , 243323 , 243371 , 243411 , 243525 , 243525 , 
207729 , 211019 , 212704 , 214946 , 218072 , 219160 , 220268 , 224593 , 225673 , 226037 , 226116 , 226116 , 226116 , 226116 , 
163059 , 168611 , 170574 , 174718 , 179971 , 182764 , 184870 , 188348 , 189681 , 190662 , 191150 , 191190 , 191190 , 191190 , 
50247.1 , 54535.8 , 57757.5 , 62796.6 , 68802.3 , 73049.4 , 76219.3 , 78491 , 79459.5 , 80352.9 , 80889.5 , 81007 , 81251.2 , 81224.7 , 
35101 , 38308.8 , 40130.1 , 43786.3 , 49207.1 , 51971.7 , 55689.3 , 57468.5 , 58323.5 , 59570.8 , 60241 , 60311.6 , 60392.9 , 60392.9 , 
113821 , 119165 , 123919 , 130000 , 136688 , 143895 , 145375 , 146366 , 146990 , 147353 , 147488 , 147512 , 147551 , 147551 , 
28528.6 , 31293.4 , 33811.6 , 37168 , 42061.2 , 44144.3 , 47248.4 , 48605.5 , 49649.4 , 50352.7 , 50793.3 , 50930 , 51048.2 , 51049 , 
224176 , 233345 , 238166 , 247211 , 260407 , 277035 , 280127 , 281498 , 281835 , 282618 , 283044 , 283107 , 283107 , 283107 , 
320270 , 328052 , 333297 , 342149 , 353192 , 360584 , 366030 , 371212 , 373636 , 376312 , 377660 , 377660 , 377660 , 377660 , 
148254 , 158151 , 162303 , 172094 , 185898 , 198428 , 202782 , 205912 , 207865 , 209225 , 210294 , 210625 , 210677 , 210677 , 
157186 , 167947 , 173968 , 183888 , 199955 , 211674 , 217687 , 221009 , 222708 , 224971 , 226423 , 226423 , 226423 , 226423 , 
156088 , 163920 , 168169 , 178972 , 196035 , 211122 , 216545 , 220297 , 221932 , 222879 , 223603 , 223757 , 224484 , 224484 , 
472097 , 474141 , 475169 , 476893 , 478136 , 478660 , 479028 , 486327 , 487204 , 487376 , 487463 , 487463 , 487463 , 487463 , 
404899 , 408896 , 412141 , 415630 , 420477 , 422568 , 424706 , 434040 , 435268 , 435510 , 435510 , 435510 , 435510 , 435510 , 
157209 , 166847 , 173783 , 182906 , 195368 , 208857 , 213363 , 215683 , 216800 , 217466 , 218297 , 218420 , 218490 , 218490 , 
259091 , 266501 , 271920 , 281991 , 294823 , 307464 , 311481 , 314839 , 316937 , 318432 , 318837 , 318912 , 318912 , 318913 , 
54950.8 , 63299.1 , 66944.6 , 74651.1 , 87215.7 , 92788.8 , 99832.9 , 103392 , 105704 , 107799 , 109097 , 109221 , 109300 , 109300 , 
79256.7 , 88510.9 , 94474.6 , 102018 , 117019 , 125710 , 135903 , 140670 , 142808 , 146418 , 148574 , 148716 , 148716 , 148718 , 
349624 , 371021 , 380174 , 393498 , 413318 , 434801 , 439203 , 440670 , 441438 , 443400 , 444666 , 444767 , 444767 , 444767 , 
193440 , 202421 , 212249 , 225259 , 244494 , 262147 , 269479 , 274604 , 277526 , 279830 , 281523 , 281906 , 282298 , 282298 , 
30109.4 , 35451.7 , 39356.8 , 45588.7 , 55158.4 , 58708.3 , 61047.5 , 63749.1 , 64509.1 , 65335.3 , 65645.9 , 65645.9 , 65652.1 , 65654.4 , 
66045.9 , 74794.3 , 79779.1 , 89167.9 , 101760 , 109696 , 119969 , 124726 , 127606 , 131272 , 133400 , 133706 , 133901 , 133901 , 
72874.9 , 85770.9 , 91782.6 , 101123 , 117058 , 124550 , 133164 , 137810 , 141219 , 143688 , 144889 , 145012 , 145012 , 145012 , 
141113 , 154330 , 161850 , 174365 , 195754 , 206522 , 220035 , 226162 , 229888 , 234239 , 236519 , 236959 , 237391 , 237391 , 
174151 , 187801 , 196337 , 208980 , 230421 , 244269 , 257275 , 262884 , 266659 , 269541 , 271589 , 272199 , 272921 , 272921 , 
540608 , 552195 , 558556 , 568745 , 581767 , 586588 , 590837 , 604143 , 606629 , 608106 , 609045 , 609045 , 609045 , 609045 , 
436128 , 448670 , 456242 , 467633 , 484989 , 496449 , 503028 , 508993 , 511357 , 514604 , 516481 , 517126 , 517959 , 517959 , 
309226 , 320072 , 326277 , 333149 , 346454 , 357587 , 361513 , 363357 , 365063 , 366327 , 367253 , 367722 , 369966 , 369966 , 
12206.7 , 15294.4 , 17064.8 , 19425.3 , 23876.4 , 25950.3 , 27924.2 , 28795 , 29113.3 , 29529.2 , 29736.5 , 29741 , 29779.4 , 29779.4 , 
198126 , 208790 , 214067 , 225690 , 240277 , 252856 , 258213 , 261254 , 263588 , 265202 , 266420 , 266997 , 268386 , 268528 , 
384968 , 394843 , 399115 , 408169 , 419701 , 424081 , 431391 , 435215 , 438405 , 441201 , 443489 , 444240 , 445004 , 445004 , 
7171 , 9250.58 , 10251.9 , 11802.7 , 13948.3 , 14478.8 , 14758.9 , 15178.6 , 15238.6 , 15308.6 , 15338.7 , 15330.8 , 15323.1 , 15323.3 , 
178131 , 189497 , 196506 , 204287 , 221139 , 233206 , 242128 , 246333 , 250297 , 252996 , 255489 , 257033 , 258942 , 259133 , 
447053 , 453099 , 456335 , 462497 , 470551 , 473625 , 477651 , 482049 , 483517 , 485415 , 486563 , 486758 , 486831 , 486831 , 
5112.68 , 6493.66 , 7219.76 , 8111.76 , 8863.62 , 9123.32 , 9212 , 9398.82 , 9426.26 , 9467.86 , 9477 , 9483.96 , 9483.96 , 9483.96 , 
157076 , 170222 , 176380 , 186285 , 201965 , 213771 , 223613 , 227895 , 232532 , 236177 , 238173 , 240056 , 242806 , 242920 , 
939201 , 950834 , 956635 , 964991 , 975628 , 978950 , 983645 , 996048 , 1.00069e+06 , 1.00217e+06 , 1.00364e+06 , 1.0038e+06 , 1.00406e+06 , 1.00406e+06 , 
412982 , 435470 , 438881 , 444089 , 456659 , 478568 , 492192 , 493622 , 493627 , 493627 , 493627 , 493627 , 493627 , 493627 , 
20129 , 28755.5 , 42080.2 , 67777.9 , 77738.9 , 96257.2 , 102647 , 102690 , 102690 , 102690 , 102690 , 102690 , 102690 , 102690 , 
810205 , 814038 , 817344 , 824135 , 833975 , 849023 , 857967 , 858786 , 858793 , 858793 , 858793 , 858793 , 858793 , 858793 , 
225904 , 236386 , 239103 , 245821 , 258417 , 282415 , 296347 , 297041 , 297041 , 297041 , 297041 , 297041 , 297041 , 297041 , 
654614 , 664794 , 668515 , 672815 , 682015 , 699682 , 709442 , 710689 , 710705 , 710705 , 710705 , 710705 , 710705 , 710705 , 
657791 , 673017 , 677189 , 679885 , 689762 , 706640 , 715221 , 716740 , 716775 , 716775 , 716775 , 716775 , 716775 , 716775 , 
5004.82 , 5004.82 , 5004.82 , 5004.82 , 23624.8 , 41845.2 , 43005.7 , 43010.5 , 43010.5 , 43010.5 , 43010.5 , 43010.5 , 43010.5 , 43010.5 , 
689018 , 698789 , 701724 , 706118 , 718081 , 736999 , 747178 , 748107 , 748124 , 748124 , 748124 , 748124 , 748124 , 748124 , 
689271 , 699220 , 701605 , 706206 , 718116 , 735570 , 744949 , 746139 , 746147 , 746153 , 746153 , 746153 , 746153 , 746153 , 
