milestone, 1, 2, 3, 5, 10, 20, 30, 40, 50, 60, 70, 80, 90, 100
175133 , 179326 , 182523 , 185268 , 190171 , 192766 , 193672 , 205282 , 206406 , 206490 , 206490 , 206490 , 206490 , 206490 , 
56468.2 , 60725.9 , 63068.5 , 67680.4 , 74757.7 , 83916.8 , 86164.4 , 89096.4 , 89875.9 , 89980.6 , 89987.8 , 89987.8 , 89987.8 , 89987.8 , 
174336 , 177788 , 179323 , 182975 , 186581 , 188262 , 190049 , 203325 , 205739 , 206013 , 206013 , 206014 , 206014 , 206014 , 
218644 , 220199 , 220579 , 221460 , 222551 , 225962 , 226634 , 235632 , 236619 , 238356 , 239283 , 239282 , 239288 , 239289 , 
223616 , 224483 , 225197 , 226716 , 229020 , 231403 , 231593 , 240885 , 241442 , 242116 , 242475 , 242665 , 242860 , 242852 , 
47661.8 , 52407.7 , 55093.6 , 59797.2 , 66889.9 , 74501.9 , 77223.2 , 80609.8 , 81759.6 , 82056.6 , 82111.2 , 82111.2 , 82111.2 , 82111.2 , 
6887.48 , 8256.48 , 9101.6 , 9592.96 , 10093 , 10274.2 , 10318.2 , 11308.5 , 11413 , 11413 , 11413 , 11413 , 11413 , 11413 , 
40332 , 44772.2 , 46627.5 , 50217 , 55555.4 , 62639.4 , 64326.5 , 69697.2 , 70895.5 , 71311.2 , 71360.5 , 71360.5 , 71360.5 , 71360.5 , 
229276 , 230389 , 230905 , 231661 , 232092 , 232409 , 232456 , 238312 , 238743 , 241325 , 241520 , 241784 , 242397 , 242412 , 
17896.6 , 18978 , 19720.8 , 20872.4 , 22625.6 , 25716 , 26407 , 26934.5 , 27062.2 , 27064.1 , 27064.1 , 27079.1 , 27100.3 , 27100.3 , 
12529.6 , 13775 , 14414.7 , 15270.6 , 16823.9 , 18300.6 , 18933 , 20147.4 , 20439.9 , 20485.6 , 20485.6 , 20501.2 , 20501.2 , 20501.2 , 
52877.5 , 53506 , 54076 , 54730.3 , 55810.5 , 56013.9 , 56364.9 , 58495.3 , 58778 , 58803.1 , 58819.9 , 58819.9 , 58819.9 , 58819.9 , 
2407.82 , 2800.82 , 2938.42 , 3268.56 , 3546.36 , 3704.74 , 3780.86 , 4006.18 , 4049.44 , 4054.08 , 4057.32 , 4057.98 , 4066.1 , 4066.1 , 
45498.8 , 46531.9 , 47045.7 , 47888.1 , 48947.5 , 49498 , 50020.1 , 52845.3 , 53344.5 , 53430 , 53430 , 53454.3 , 53433.8 , 53433.8 , 
59942.6 , 60308.7 , 60466.6 , 60744.3 , 61153.9 , 61859.3 , 61909.8 , 62203.9 , 62250.4 , 62342.4 , 62356.7 , 62356.7 , 62356.7 , 62356.7 , 
27771.9 , 29638.2 , 30383.4 , 31776.3 , 34072.8 , 36947.5 , 37387.6 , 38090.4 , 38271 , 38336.3 , 38336.3 , 38336.3 , 38336.3 , 38336.3 , 
8665.06 , 9974.84 , 10597 , 11690.2 , 13306.6 , 13973 , 14477.2 , 15478.5 , 15770.6 , 15780.8 , 15791 , 15791 , 15791 , 15791 , 
14207.8 , 15670.2 , 16323.6 , 17162.9 , 18511.5 , 19755.9 , 20402.9 , 21555.1 , 21795.7 , 21802.8 , 21802.8 , 21802.8 , 21802.8 , 21802.8 , 
28095.1 , 29243.7 , 29824.5 , 30713.9 , 32460.7 , 35363.5 , 35999.6 , 36780.4 , 37001.7 , 37084.4 , 37117 , 37117 , 37117 , 37117 , 
76960.9 , 79075.2 , 80335.8 , 82529.8 , 85471.9 , 88553.7 , 89401.4 , 92778.8 , 93645.6 , 93689 , 93855.6 , 93855.6 , 93872.2 , 93872.2 , 
68576.1 , 71765.3 , 73577.6 , 75930.4 , 79394 , 84719.1 , 86018.1 , 88170.4 , 88611.1 , 88999.2 , 89034.6 , 89064.9 , 89064.9 , 89064.9 , 
96858.5 , 98661.5 , 99618.4 , 100899 , 103209 , 103905 , 104587 , 109627 , 110581 , 110673 , 110673 , 110673 , 110673 , 110673 , 
22042.3 , 24579.8 , 25331.4 , 27796.1 , 30753.4 , 32650.1 , 33653.4 , 37068.9 , 37501.1 , 37533.7 , 37587.6 , 37587.6 , 37587.6 , 37587.6 , 
98450.5 , 100125 , 101051 , 102277 , 103918 , 104490 , 105268 , 109108 , 109774 , 110188 , 110188 , 110188 , 110188 , 110188 , 
39842.1 , 42897.9 , 44186.5 , 46813 , 50779 , 56168.9 , 57784.5 , 59187 , 59533.4 , 59550.2 , 59550.2 , 59550.2 , 59550.7 , 59550.7 , 
9885.32 , 10763.3 , 11441.4 , 12872.5 , 14389.6 , 15408.7 , 15892.3 , 17493.1 , 17886.7 , 18011.9 , 18028.3 , 18028.4 , 18028.4 , 18028.4 , 
36416.1 , 39159.9 , 40291.4 , 42719.4 , 46573.7 , 53046.9 , 54176.3 , 54733.8 , 55071.9 , 55137.6 , 55137.6 , 55137.6 , 55137.6 , 55137.6 , 
39131.5 , 42001.6 , 43625.1 , 46252.6 , 49413.6 , 54799.7 , 56155.8 , 57607 , 57839.2 , 57839.2 , 57839.2 , 57839.2 , 57839.2 , 57839.2 , 
54466.7 , 56753.9 , 58454.6 , 60925.2 , 64298.7 , 70899.2 , 71736.7 , 72541.3 , 72948.4 , 73071.9 , 73153.9 , 73153.9 , 73153.9 , 73153.9 , 
130103 , 133447 , 134663 , 137466 , 140496 , 142072 , 143332 , 149760 , 151152 , 151632 , 151632 , 151632 , 151632 , 151632 , 
187848 , 188439 , 188641 , 188795 , 188879 , 191543 , 191543 , 191543 , 191543 , 191543 , 191543 , 191543 , 191543 , 191543 , 
76290.2 , 79622.9 , 81511.4 , 84498.6 , 89351.5 , 99125.6 , 100730 , 101725 , 101943 , 102045 , 102055 , 102055 , 102055 , 102055 , 
40865.7 , 43682.4 , 45632.7 , 49142.5 , 53877 , 60190 , 61826.1 , 64958.6 , 65541.8 , 65924.1 , 66015 , 66015 , 66015 , 66015 , 
54773.1 , 57622.2 , 59921.8 , 63104.8 , 67120.3 , 73953.2 , 75918.6 , 77480.8 , 77800.1 , 78141 , 78229.4 , 78229.4 , 78229.4 , 78229.4 , 
16021.5 , 18469.8 , 19938.2 , 22171.8 , 24940.8 , 26497.2 , 27334.8 , 30074.8 , 30455.7 , 30612.9 , 30643.9 , 30643.9 , 30643.9 , 30643.9 , 
130255 , 133849 , 135946 , 138776 , 141918 , 143211 , 144492 , 150625 , 151695 , 151703 , 151830 , 151830 , 151956 , 151956 , 
92164.8 , 95927.1 , 97927.9 , 101299 , 105581 , 113630 , 114653 , 117873 , 118703 , 119037 , 119186 , 119186 , 119186 , 119186 , 
11262.1 , 12564.4 , 13432 , 14737.6 , 17290.8 , 18621 , 19525.3 , 21623.5 , 22009.7 , 22079.9 , 22079.9 , 22079.9 , 22079.9 , 22079.9 , 
83007.2 , 88440.4 , 90641.6 , 93870.9 , 98492 , 106486 , 107802 , 110215 , 111101 , 111652 , 111834 , 111834 , 111834 , 111834 , 
237798 , 259499 , 266574 , 289276 , 314752 , 337430 , 354448 , 366986 , 375123 , 380414 , 382888 , 383014 , 383151 , 383151 , 
918764 , 924770 , 926598 , 931120 , 934931 , 936963 , 937605 , 956851 , 959873 , 961357 , 961922 , 962101 , 962101 , 962101 , 
177215 , 194133 , 207137 , 222476 , 251392 , 269688 , 286759 , 297307 , 303284 , 308293 , 312792 , 313106 , 313106 , 313106 , 
15208.3 , 18362.6 , 20208.7 , 23440.3 , 26744.6 , 28514.7 , 29026.8 , 32405.7 , 32587.7 , 32688.7 , 32688.7 , 32688.7 , 32688.7 , 32688.7 , 
49590 , 58022.5 , 61614.9 , 69438.7 , 81638.4 , 89707.5 , 97622.2 , 102153 , 104238 , 106100 , 106538 , 106538 , 106538 , 106538 , 
705553 , 717867 , 722987 , 739926 , 757970 , 765888 , 776593 , 798425 , 806047 , 812271 , 815318 , 815694 , 816230 , 816230 , 
28906.1 , 32582.4 , 34236.4 , 37648.5 , 39471.7 , 39973 , 40162.4 , 42490.5 , 42557.9 , 42633.6 , 42633.6 , 42671.1 , 42671.1 , 42671.1 , 
616450 , 636559 , 645574 , 662837 , 680880 , 692303 , 697073 , 719224 , 721963 , 723580 , 723900 , 723900 , 723900 , 723900 , 
719877 , 740259 , 747774 , 759976 , 772776 , 777590 , 780359 , 805031 , 807717 , 808398 , 808398 , 808398 , 808398 , 808398 , 
547080 , 565147 , 576977 , 591070 , 607827 , 630014 , 634515 , 640899 , 643286 , 644879 , 645644 , 645644 , 645644 , 645644 , 
29105.9 , 33204.5 , 34939.8 , 38234.9 , 42132.7 , 44497.3 , 47035.8 , 49027.1 , 49339.2 , 49919.6 , 50076 , 50096.4 , 50096.4 , 50096.4 , 
186902 , 191172 , 193437 , 196359 , 200103 , 201692 , 203011 , 207031 , 207721 , 208165 , 208209 , 208409 , 208500 , 208500 , 
234045 , 236107 , 236739 , 237738 , 238831 , 239026 , 239235 , 241532 , 241791 , 241868 , 241916 , 241916 , 242000 , 242000 , 
209119 , 212923 , 214369 , 216218 , 218771 , 219511 , 220528 , 223740 , 224135 , 224498 , 224614 , 224614 , 224614 , 224614 , 
166602 , 172033 , 174258 , 177762 , 181773 , 183777 , 185089 , 188097 , 188704 , 189590 , 189800 , 189861 , 190051 , 190051 , 
55330.7 , 60544.4 , 62584.5 , 66172.9 , 70729.1 , 74001.9 , 76409.1 , 79681.1 , 80322.1 , 80943.2 , 81180.2 , 81261.2 , 81334.3 , 81334.3 , 
37569.9 , 41872.9 , 43737.7 , 46986.4 , 52115 , 54489.8 , 57191.1 , 58259.9 , 58686.9 , 59906.6 , 60105.5 , 60129.8 , 60172.1 , 60172.1 , 
119675 , 126084 , 129311 , 133985 , 139524 , 146813 , 147505 , 148080 , 148339 , 148533 , 148568 , 148604 , 148638 , 148638 , 
30277.1 , 35100.2 , 37603.6 , 40173.1 , 43387.3 , 45793.7 , 47365.7 , 49336 , 49607.8 , 50062.9 , 50212 , 50266.2 , 50352.1 , 50344.9 , 
230059 , 241471 , 245952 , 254629 , 266276 , 276514 , 279295 , 281357 , 281756 , 282853 , 283222 , 283597 , 284013 , 284013 , 
325876 , 336570 , 341822 , 349896 , 359501 , 363478 , 367081 , 371859 , 373450 , 375339 , 375730 , 375805 , 375805 , 375809 , 
156129 , 167244 , 173269 , 182127 , 193437 , 200232 , 205639 , 207929 , 209248 , 211860 , 213089 , 213300 , 213552 , 213560 , 
163267 , 177146 , 182234 , 190333 , 201810 , 212344 , 217640 , 222034 , 223422 , 225357 , 225883 , 225883 , 225883 , 225883 , 
160788 , 174101 , 182295 , 192548 , 205727 , 215087 , 220929 , 224154 , 225453 , 227613 , 228772 , 229290 , 229415 , 229415 , 
473649 , 475541 , 476166 , 477572 , 478572 , 478944 , 479260 , 483982 , 484598 , 484950 , 485131 , 485218 , 485218 , 485220 , 
409211 , 413207 , 415893 , 419209 , 422925 , 423829 , 425189 , 432332 , 433235 , 433595 , 433774 , 433774 , 433774 , 433774 , 
164843 , 175977 , 180844 , 189125 , 200352 , 208137 , 212958 , 214691 , 216612 , 218629 , 219978 , 219978 , 220048 , 220054 , 
266114 , 276778 , 280841 , 288757 , 300720 , 310624 , 313293 , 315802 , 316659 , 317010 , 317786 , 317947 , 318021 , 318021 , 
60135 , 70098.9 , 73957.6 , 80867.8 , 89024.5 , 95028.3 , 100576 , 103406 , 104522 , 106201 , 106961 , 107053 , 107234 , 107234 , 
83720.5 , 95788.9 , 101164 , 111515 , 122258 , 130441 , 136108 , 142943 , 144152 , 145522 , 145808 , 146109 , 146109 , 146109 , 
363092 , 379348 , 387431 , 402298 , 417919 , 436564 , 438700 , 440449 , 440708 , 441839 , 442644 , 442644 , 442644 , 442644 , 
206586 , 218151 , 224236 , 235831 , 250261 , 261518 , 269129 , 278131 , 280640 , 283146 , 284434 , 284708 , 285120 , 285120 , 
34913.9 , 40445 , 44166.2 , 49023.1 , 56184.6 , 60119 , 61223.5 , 64184.8 , 64396 , 64651.6 , 64651.6 , 64656.7 , 64699.5 , 64699.5 , 
75174.5 , 82927 , 86977.8 , 95690.5 , 105114 , 112600 , 119280 , 126067 , 128173 , 129793 , 130094 , 130420 , 130791 , 130791 , 
81405.1 , 93361.7 , 98927.3 , 109440 , 124713 , 130740 , 135474 , 138825 , 139749 , 141492 , 142000 , 142204 , 142479 , 142479 , 
151277 , 167514 , 174360 , 183733 , 198720 , 210031 , 218279 , 228534 , 230963 , 233319 , 233685 , 233685 , 233763 , 233763 , 
185143 , 201195 , 208348 , 220503 , 238317 , 248928 , 259659 , 264829 , 267440 , 271079 , 272638 , 273952 , 274714 , 274714 , 
548052 , 560863 , 567694 , 575693 , 585765 , 589720 , 593963 , 603832 , 606469 , 608623 , 609048 , 609048 , 609051 , 609057 , 
446508 , 461275 , 469393 , 478741 , 493886 , 503868 , 508561 , 512824 , 514910 , 517699 , 519150 , 519278 , 519504 , 519504 , 
317729 , 326082 , 332094 , 341673 , 353562 , 365012 , 367760 , 369180 , 370119 , 371428 , 371708 , 371832 , 372035 , 372054 , 
14685.1 , 17573.6 , 18719.5 , 21731.9 , 24947.9 , 26833.1 , 27936.3 , 29167.7 , 29350.2 , 29640.2 , 29669.8 , 29701.8 , 29740.6 , 29740.6 , 
211997 , 224034 , 230023 , 239794 , 252422 , 263377 , 267472 , 269004 , 269858 , 270946 , 272010 , 272355 , 272683 , 272674 , 
391244 , 404436 , 409168 , 418076 , 428251 , 431405 , 436679 , 439998 , 441843 , 444036 , 445725 , 446247 , 446957 , 446957 , 
8647.48 , 10714.1 , 11431.8 , 12425.6 , 13832.5 , 14475.7 , 14696.9 , 15248.1 , 15330.2 , 15369.6 , 15369.6 , 15386.8 , 15386.8 , 15386.8 , 
186872 , 200053 , 205928 , 216058 , 230591 , 241477 , 251958 , 255212 , 258389 , 261143 , 263148 , 264460 , 265686 , 265719 , 
452790 , 458364 , 463423 , 469288 , 475423 , 477505 , 481304 , 485284 , 486173 , 488381 , 488665 , 488894 , 489145 , 489145 , 
6406.54 , 7381.22 , 7820.44 , 8434.4 , 8935.42 , 9081.56 , 9217.94 , 9425.66 , 9433.2 , 9493.14 , 9507.54 , 9535.56 , 9558.96 , 9552.22 , 
168737 , 179380 , 186047 , 195529 , 213597 , 224712 , 234486 , 237724 , 240291 , 243361 , 244549 , 245718 , 246865 , 246910 , 
946146 , 956635 , 962561 , 971267 , 980066 , 983530 , 987450 , 1.00176e+06 , 1.00433e+06 , 1.00706e+06 , 1.00746e+06 , 1.00746e+06 , 1.00746e+06 , 1.00746e+06 , 
352138 , 381693 , 396359 , 417508 , 445067 , 465008 , 481996 , 486810 , 491374 , 496458 , 499077 , 501289 , 503015 , 503184 , 
52904.8 , 63372.2 , 67317.5 , 74142.7 , 83771 , 92260.9 , 98876.5 , 103823 , 104779 , 106664 , 107301 , 107389 , 107462 , 107462 , 
788916 , 806829 , 814287 , 827139 , 842904 , 848929 , 856784 , 866576 , 870929 , 875414 , 877193 , 878188 , 878707 , 878707 , 
175987 , 199209 , 210960 , 230516 , 255378 , 269832 , 288703 , 294590 , 299700 , 304673 , 307098 , 308265 , 309147 , 309185 , 
607562 , 627959 , 639031 , 655231 , 677480 , 699487 , 702933 , 705850 , 707088 , 707540 , 707807 , 708494 , 708501 , 708502 , 
614203 , 637547 , 648570 , 667268 , 688621 , 706287 , 711819 , 716045 , 717268 , 719396 , 720077 , 720947 , 721846 , 721877 , 
24175.3 , 30307.2 , 32435.9 , 35777.4 , 39996.9 , 42306.4 , 42938.5 , 44782.3 , 44918.2 , 45034.5 , 45064.8 , 45077.1 , 45116.2 , 45116.2 , 
643694 , 666736 , 679363 , 695904 , 719379 , 736066 , 744084 , 748467 , 750684 , 754422 , 756561 , 757987 , 759820 , 759827 , 
643949 , 668574 , 681224 , 697525 , 719689 , 737920 , 742935 , 745933 , 748111 , 749878 , 750407 , 751881 , 753398 , 753398 , 
