193243
81624.3
190071
225141
229272
74211.4
10156.1
62413.2
232754
24745.9
18386.9
56525
3702
50327.2
61494
36181.4
14492.4
20312.8
35246.1
88453.4
83686.5
104775
33785
105879
56335.8
16080
52753.1
54216
68707.7
143736
188657
94948.4
62098
72107.7
27552
144986
110922
19409.9
104186
378271
937050
302949
29222
100634
780778
40591.1
697757
782144
625047
48135.3
204362
239515
221752
187248
80149.3
58744.8
148998
49137.2
283973
370622
210676
227104
227771
479452
426657
220449
317749
104791
142474
442327
286155
61826.4
127597
137823
228964
269323
598494
516103
383001
28943.7
281656
444553
14754.5
269319
484770
9245.6
250410
993998
513196
105047
874397
306981
727075
732365
43456
765621
759900
