milestone, 1, 2, 3, 5, 10, 20, 30, 40, 50, 60, 70, 80, 90, 100
193249 , 193262 , 193249 , 193262 , 193262 , 193262 , 193262 , 193262 , 193262 , 193262 , 193262 , 193262 , 193262 , 193262
81961 , 81961 , 81961 , 81961 , 81961 , 81961 , 81961 , 81961 , 81961 , 81961 , 81961 , 81961 , 81961 , 81961
190257 , 190257 , 190257 , 190257 , 190257 , 190257 , 190257 , 190257 , 190257 , 190257 , 190257 , 190257 , 190257 , 190257
222460 , 222460 , 222460 , 222281 , 225434 , 225434 , 225434 , 225434 , 225434 , 225434 , 225434 , 225434 , 225434 , 225434
230009 , 230009 , 230009 , 230009 , 230009 , 230009 , 230009 , 230009 , 230009 , 230009 , 230009 , 230009 , 230009 , 230009
74153 , 74168 , 74168 , 74168 , 74168 , 74168 , 74168 , 74168 , 74168 , 74168 , 74168 , 74168 , 74168 , 74168
10153 , 10153 , 10153 , 10153 , 10153 , 10153 , 10153 , 10153 , 10153 , 10153 , 10153 , 10153 , 10153 , 10153
62410 , 62484 , 62484 , 62484 , 62484 , 62484 , 62484 , 62484 , 62484 , 62484 , 62484 , 62484 , 62484 , 62484
232479 , 232495 , 232754 , 232754 , 232754 , 232754 , 232754 , 232754 , 232754 , 232754 , 232754 , 232754 , 232754 , 232754
24695 , 24836 , 24836 , 24836 , 24836 , 24836 , 24836 , 24836 , 24836 , 24836 , 24836 , 24836 , 24836 , 24836
18339 , 18339 , 18339 , 18369 , 18369 , 18369 , 18369 , 18369 , 18369 , 18369 , 18369 , 18369 , 18369 , 18369
56525 , 56525 , 56525 , 56525 , 56525 , 56525 , 56525 , 56525 , 56525 , 56525 , 56525 , 56525 , 56525 , 56525
3702 , 3702 , 3702 , 3702 , 3702 , 3702 , 3702 , 3702 , 3702 , 3702 , 3702 , 3702 , 3702 , 3702
50151 , 50131 , 50151 , 50151 , 50151 , 50151 , 50151 , 50151 , 50151 , 50151 , 50151 , 50151 , 50151 , 50151
61494 , 61494 , 61494 , 61494 , 61494 , 61494 , 61494 , 61494 , 61494 , 61494 , 61494 , 61494 , 61494 , 61494
36127 , 36127 , 36127 , 36159 , 36159 , 36159 , 36159 , 36159 , 36159 , 36159 , 36159 , 36159 , 36159 , 36159
14657 , 14657 , 14657 , 14657 , 14657 , 14657 , 14657 , 14657 , 14657 , 14657 , 14657 , 14657 , 14657 , 14657
20307 , 20307 , 20307 , 20307 , 20307 , 20307 , 20307 , 20307 , 20307 , 20307 , 20307 , 20307 , 20307 , 20307
35325 , 35325 , 35333 , 35333 , 35333 , 35333 , 35333 , 35333 , 35333 , 35333 , 35333 , 35333 , 35333 , 35333
88372 , 88261 , 88519 , 88519 , 88519 , 88519 , 88519 , 88519 , 88519 , 88519 , 88519 , 88519 , 88519 , 88519
83605 , 83712 , 83550 , 83550 , 83742 , 83742 , 83742 , 83742 , 83742 , 83742 , 83742 , 83742 , 83742 , 83742
104691 , 104781 , 104781 , 104781 , 104781 , 104781 , 104781 , 104781 , 104781 , 104781 , 104781 , 104781 , 104781 , 104781
33856 , 33856 , 33856 , 33856 , 33856 , 33856 , 33856 , 33856 , 33856 , 33856 , 33856 , 33856 , 33856 , 33856
105879 , 105876 , 105879 , 105879 , 105879 , 105879 , 105879 , 105879 , 105879 , 105879 , 105879 , 105879 , 105879 , 105879
56383 , 56452 , 56452 , 56452 , 56452 , 56452 , 56452 , 56452 , 56452 , 56452 , 56452 , 56452 , 56452 , 56452
16080 , 16080 , 16080 , 16080 , 16080 , 16080 , 16080 , 16080 , 16080 , 16080 , 16080 , 16080 , 16080 , 16080
52487 , 52487 , 52487 , 52487 , 52487 , 52487 , 52487 , 52487 , 52487 , 52487 , 52487 , 52487 , 52487 , 52487
54246 , 54246 , 54246 , 54246 , 54246 , 54246 , 54246 , 54246 , 54246 , 54246 , 54246 , 54246 , 54246 , 54246
68480 , 68480 , 68480 , 68480 , 68480 , 68480 , 68480 , 68480 , 68480 , 68480 , 68480 , 68480 , 68480 , 68480
143594 , 143740 , 143740 , 143740 , 143740 , 143740 , 143740 , 143740 , 143740 , 143740 , 143740 , 143740 , 143740 , 143740
188657 , 188657 , 188657 , 188657 , 188657 , 188657 , 188657 , 188657 , 188657 , 188657 , 188657 , 188657 , 188657 , 188657
94904 , 94904 , 94834 , 94955 , 94955 , 94955 , 94955 , 94955 , 94955 , 94955 , 94955 , 94955 , 94955 , 94955
61036 , 61066 , 61066 , 61066 , 61066 , 61066 , 61066 , 61066 , 61066 , 61066 , 61066 , 61066 , 61066 , 61066
72012 , 72007 , 72007 , 72007 , 72007 , 72007 , 72007 , 72007 , 72007 , 72007 , 72007 , 72007 , 72007 , 72007
27616 , 27616 , 27616 , 27616 , 27616 , 27616 , 27616 , 27616 , 27616 , 27616 , 27616 , 27616 , 27616 , 27616
144921 , 144921 , 144921 , 144921 , 144921 , 144921 , 144921 , 144921 , 144921 , 144921 , 144921 , 144921 , 144921 , 144921
110847 , 110847 , 110937 , 110937 , 110937 , 110937 , 110937 , 110937 , 110937 , 110937 , 110937 , 110937 , 110937 , 110937
19419 , 19419 , 19419 , 19419 , 19419 , 19419 , 19419 , 19419 , 19419 , 19419 , 19419 , 19419 , 19419 , 19419
104204 , 104204 , 104204 , 104204 , 104204 , 104204 , 104204 , 104204 , 104204 , 104204 , 104204 , 104204 , 104204 , 104204
372589 , 378169 , 378242 , 378442 , 378442 , 378442 , 378442 , 378442 , 378442 , 378442 , 378442 , 378442 , 378442 , 378442
936804 , 936860 , 936862 , 936862 , 936862 , 936862 , 936862 , 936862 , 936862 , 936862 , 936862 , 936862 , 936862 , 936862
302943 , 302943 , 303007 , 303007 , 303007 , 303007 , 303007 , 303007 , 303007 , 303007 , 303007 , 303007 , 303007 , 303007
29222 , 29222 , 29222 , 29222 , 29222 , 29222 , 29222 , 29222 , 29222 , 29222 , 29222 , 29222 , 29222 , 29222
100837 , 100837 , 100837 , 100837 , 100837 , 100837 , 100837 , 100837 , 100837 , 100837 , 100837 , 100837 , 100837 , 100837
779917 , 780322 , 780612 , 780692 , 780423 , 780100 , 780100 , 780100 , 780100 , 780100 , 780100 , 780100 , 780100 , 780100
39831 , 39831 , 39831 , 39831 , 39831 , 39831 , 39831 , 39831 , 39831 , 39831 , 39831 , 39831 , 39831 , 39831
694789 , 695736 , 695335 , 695720 , 694747 , 695775 , 695516 , 695787 , 695725 , 695725 , 695725 , 695725 , 695725 , 695725
781570 , 781447 , 781548 , 781993 , 782334 , 782334 , 782334 , 782334 , 782334 , 782334 , 782334 , 782334 , 782334 , 782334
623159 , 623287 , 623260 , 622792 , 624129 , 624345 , 624291 , 623884 , 624110 , 628364 , 628847 , 628847 , 628847 , 628847
48133 , 48133 , 48133 , 48133 , 48133 , 48133 , 48133 , 48133 , 48133 , 48133 , 48133 , 48133 , 48133 , 48133
203950 , 203950 , 203950 , 203950 , 204441 , 204441 , 204441 , 204441 , 204441 , 204441 , 204441 , 204441 , 204441 , 204441
239328 , 239558 , 239558 , 239558 , 239558 , 239558 , 239558 , 239558 , 239558 , 239558 , 239558 , 239558 , 239558 , 239558
221370 , 222057 , 222057 , 222057 , 222057 , 222057 , 222057 , 222057 , 222057 , 222057 , 222057 , 222057 , 222057 , 222057
187230 , 187183 , 187285 , 187285 , 187285 , 187285 , 187285 , 187285 , 187285 , 187285 , 187285 , 187285 , 187285 , 187285
80109 , 80109 , 80109 , 80109 , 80109 , 80109 , 80109 , 80109 , 80109 , 80109 , 80109 , 80109 , 80109 , 80109
58754 , 58754 , 58754 , 58754 , 58754 , 58754 , 58754 , 58754 , 58754 , 58754 , 58754 , 58754 , 58754 , 58754
148987 , 148899 , 148923 , 149347 , 149347 , 149347 , 149347 , 149347 , 149347 , 149347 , 149347 , 149347 , 149347 , 149347
49003 , 49003 , 49003 , 49003 , 49003 , 49003 , 49003 , 49003 , 49003 , 49003 , 49003 , 49003 , 49003 , 49003
282460 , 283480 , 283473 , 283094 , 283672 , 283857 , 283857 , 283937 , 283937 , 283937 , 283937 , 283937 , 283937 , 283937
369489 , 369857 , 369241 , 370023 , 370148 , 369644 , 370012 , 370060 , 370060 , 370060 , 370060 , 370060 , 370060 , 370060
211020 , 211045 , 211045 , 211045 , 211045 , 211045 , 211045 , 211045 , 211045 , 211045 , 211045 , 211045 , 211045 , 211045
224904 , 224904 , 224666 , 224904 , 225136 , 225136 , 225136 , 225136 , 225136 , 225136 , 225136 , 225136 , 225136 , 225136
226167 , 228338 , 228338 , 228338 , 228338 , 228338 , 228338 , 228338 , 228338 , 228338 , 228338 , 228338 , 228338 , 228338
479105 , 479316 , 479342 , 479359 , 479431 , 479431 , 479431 , 479431 , 479431 , 479431 , 479431 , 479431 , 479431 , 479431
425923 , 426165 , 426143 , 426260 , 426755 , 426755 , 426755 , 426755 , 426755 , 426755 , 426755 , 426755 , 426755 , 426755
220426 , 220426 , 220426 , 220426 , 220426 , 220426 , 220426 , 220426 , 220426 , 220426 , 220426 , 220426 , 220426 , 220426
317592 , 317716 , 317337 , 317748 , 317748 , 317748 , 317748 , 317748 , 317748 , 317748 , 317748 , 317748 , 317748 , 317748
104181 , 103989 , 104331 , 104172 , 104369 , 104430 , 104430 , 104430 , 104430 , 104430 , 104430 , 104430 , 104430 , 104430
142585 , 142585 , 142585 , 142585 , 142585 , 142585 , 142585 , 142585 , 142585 , 142585 , 142585 , 142585 , 142585 , 142585
441948 , 442172 , 442017 , 441736 , 442026 , 441881 , 442041 , 442582 , 442582 , 442582 , 442582 , 442582 , 442582 , 442582
286339 , 286559 , 286321 , 286503 , 286503 , 286503 , 286503 , 286503 , 286503 , 286503 , 286503 , 286503 , 286503 , 286503
61777 , 61888 , 61924 , 61924 , 61924 , 61924 , 61924 , 61924 , 61924 , 61924 , 61924 , 61924 , 61924 , 61924
126167 , 126257 , 126257 , 126343 , 126423 , 126596 , 126596 , 126596 , 126596 , 126596 , 126596 , 126596 , 126596 , 126596
137690 , 137700 , 137857 , 137857 , 137857 , 137857 , 137857 , 137857 , 137857 , 137857 , 137857 , 137857 , 137857 , 137857
228152 , 228125 , 228373 , 228404 , 228373 , 227943 , 228753 , 228789 , 228789 , 228789 , 228789 , 228789 , 228789 , 228789
263511 , 267357 , 267875 , 269532 , 269579 , 269579 , 269579 , 269579 , 269579 , 269579 , 269579 , 269579 , 269579 , 269579
597780 , 598289 , 598432 , 598432 , 598432 , 598432 , 598432 , 598432 , 598432 , 598432 , 598432 , 598432 , 598432 , 598432
515879 , 516209 , 516399 , 516399 , 516437 , 516437 , 516437 , 516437 , 516437 , 516437 , 516437 , 516437 , 516437 , 516437
379388 , 380892 , 381748 , 381550 , 381690 , 382039 , 381769 , 382020 , 382274 , 382274 , 382208 , 381708 , 383377 , 383377
28700 , 28700 , 28700 , 28700 , 28700 , 28700 , 28700 , 28700 , 28700 , 28700 , 28700 , 28700 , 28700 , 28700
280588 , 281717 , 281777 , 281777 , 281777 , 281777 , 281777 , 281777 , 281777 , 281777 , 281777 , 281777 , 281777 , 281777
443425 , 443928 , 443991 , 444257 , 443978 , 444257 , 444257 , 444257 , 444257 , 444257 , 444257 , 444257 , 444257 , 444257
14863 , 14863 , 14863 , 14863 , 14863 , 14863 , 14863 , 14863 , 14863 , 14863 , 14863 , 14863 , 14863 , 14863
267567 , 268339 , 269381 , 269381 , 269478 , 269478 , 269478 , 269478 , 269478 , 269478 , 269478 , 269478 , 269478 , 269478
483134 , 483188 , 483045 , 484399 , 484347 , 485232 , 485232 , 485232 , 485232 , 485232 , 485232 , 485232 , 485232 , 485232
9208 , 9208 , 9208 , 9208 , 9208 , 9208 , 9208 , 9208 , 9208 , 9208 , 9208 , 9208 , 9208 , 9208
249707 , 249707 , 249649 , 249769 , 249769 , 249769 , 249769 , 249769 , 249769 , 249769 , 249769 , 249769 , 249769 , 249769
993336 , 994052 , 993802 , 993753 , 993384 , 994061 , 994061 , 994061 , 994061 , 994061 , 994061 , 994061 , 994061 , 994061
508762 , 508879 , 508998 , 509986 , 512987 , 512987 , 512987 , 512987 , 512987 , 512987 , 512987 , 512987 , 512987 , 512987
105543 , 105543 , 105543 , 105543 , 105543 , 105543 , 105543 , 105543 , 105543 , 105543 , 105543 , 105543 , 105543 , 105543
870644 , 871486 , 871660 , 872856 , 874415 , 874415 , 874415 , 874415 , 874415 , 874415 , 874415 , 874415 , 874415 , 874415
304174 , 305287 , 305495 , 305666 , 305051 , 305212 , 305212 , 305212 , 305212 , 305212 , 305212 , 305212 , 305212 , 305212
722649 , 724539 , 723935 , 724563 , 727051 , 727451 , 727451 , 727451 , 727451 , 727451 , 727451 , 727451 , 727451 , 727451
730161 , 730775 , 730757 , 731298 , 731349 , 732255 , 732255 , 732255 , 732255 , 732255 , 732255 , 732255 , 732255 , 732255
43295 , 43295 , 43295 , 43295 , 43295 , 43295 , 43295 , 43295 , 43295 , 43295 , 43295 , 43295 , 43295 , 43295
762831 , 764746 , 765171 , 765015 , 765477 , 765477 , 765477 , 765477 , 765477 , 765477 , 765477 , 765477 , 765477 , 765477
757744 , 758582 , 758341 , 758841 , 759591 , 759870 , 759870 , 759870 , 759870 , 759870 , 759870 , 759870 , 759870 , 759870
