milestone, 1, 2, 3, 5, 10, 20, 30, 40, 50, 60, 70, 80, 90, 100
0.291418 , 0.238244 , 0.200244 , 0.139684 , 0.0684444 , 0.0406622 , 0.0360044 , 0.0113511 , 0.00432 , 0.00334667 , 0.00330667 , 0.00326667 , 0.00326667 , 0.00326667 , 
0.370844 , 0.296609 , 0.249529 , 0.172827 , 0.08208 , 0.0583333 , 0.0347867 , 0.0147244 , 0.0104311 , 0.00974667 , 0.00850667 , 0.00853778 , 0.00812444 , 0.00812444 , 
0.28024 , 0.228582 , 0.199436 , 0.14112 , 0.0852044 , 0.0500356 , 0.0511111 , 0.0164844 , 0.00448 , 0.00207556 , 0.00151556 , 0.00142667 , 0.00135556 , 0.00135556 , 
0.139636 , 0.11276 , 0.0970756 , 0.0766889 , 0.0567022 , 0.03004 , 0.0268311 , 0.0103467 , 0.00449778 , 0.00222222 , 0.000888889 , 0.000671111 , 0.000231111 , 0.000231111 , 
0.136849 , 0.11056 , 0.0933333 , 0.0724356 , 0.0480356 , 0.0232844 , 0.0217378 , 0.00848444 , 0.00393333 , 0.00257333 , 0.000497778 , 0.000515556 , 0.000524444 , 0.000577778 , 
0.378929 , 0.322987 , 0.278498 , 0.206836 , 0.103542 , 0.0576533 , 0.03852 , 0.0188978 , 0.0109511 , 0.00955111 , 0.00770667 , 0.00767111 , 0.00760444 , 0.00784444 , 
0.117067 , 0.100876 , 0.0848044 , 0.0605778 , 0.0292489 , 0.0142489 , 0.00816 , 0.00269333 , 0.00117778 , 0.000635556 , 0.000555556 , 0.000555556 , 0.000555556 , 0.000555556 , 
0.347507 , 0.297724 , 0.259778 , 0.191982 , 0.0992622 , 0.0658756 , 0.0418267 , 0.0111022 , 0.00360444 , 0.00092 , 0.00016 , 0.00016 , 0.00016 , 0.00016 , 
0.106093 , 0.0877867 , 0.0742711 , 0.0571956 , 0.0412622 , 0.0218756 , 0.02112 , 0.0122667 , 0.00720889 , 0.00308889 , 0.00102667 , 0.000728889 , 4e-05 , 4e-05 , 
0.417093 , 0.353938 , 0.304653 , 0.228013 , 0.118991 , 0.05084 , 0.0318844 , 0.0167333 , 0.0110311 , 0.0106311 , 0.00985333 , 0.00951556 , 0.00957333 , 0.00957333 , 
0.360036 , 0.312978 , 0.271333 , 0.19844 , 0.09728 , 0.0602311 , 0.0435244 , 0.0192444 , 0.00726667 , 0.00513778 , 0.00395111 , 0.00410222 , 0.00444889 , 0.00439111 , 
0.183831 , 0.151778 , 0.133071 , 0.102724 , 0.0542978 , 0.0340711 , 0.0234489 , 0.00752 , 0.00273333 , 0.00215111 , 0.00176889 , 0.00176889 , 0.00180444 , 0.00173333 , 
0.150849 , 0.140742 , 0.127502 , 0.0947378 , 0.0455644 , 0.0307867 , 0.0185333 , 0.00563556 , 0.00358667 , 0.00149333 , 0.000808889 , 0.000808889 , 0.000808889 , 0.000808889 , 
0.279831 , 0.23276 , 0.200529 , 0.140862 , 0.0833467 , 0.0537778 , 0.0468711 , 0.0173556 , 0.00463111 , 0.00239556 , 0.00185778 , 0.00165333 , 0.00156444 , 0.00156444 , 
0.0890133 , 0.0746489 , 0.0664044 , 0.0528933 , 0.0323022 , 0.0130222 , 0.00876889 , 0.00345333 , 0.00197333 , 0.00206222 , 0.00111556 , 0.000897778 , 0.000613333 , 0.000613333 , 
0.399213 , 0.317751 , 0.267573 , 0.187716 , 0.0963556 , 0.0361511 , 0.02856 , 0.0168089 , 0.0123911 , 0.0108133 , 0.00994222 , 0.00997778 , 0.0100133 , 0.0100133 , 
0.308804 , 0.260507 , 0.217831 , 0.157289 , 0.08572 , 0.0602267 , 0.0371378 , 0.0113333 , 0.00252 , 0.00170222 , 0.00139111 , 0.00132 , 0.00132 , 0.00132 , 
0.367058 , 0.313684 , 0.263173 , 0.185791 , 0.102889 , 0.0560089 , 0.0368711 , 0.00864889 , 0.00308889 , 0.00113778 , 0.000986667 , 0.000888889 , 0.000888889 , 0.000888889 , 
0.394249 , 0.329956 , 0.28864 , 0.200102 , 0.108049 , 0.04976 , 0.0364622 , 0.0182444 , 0.00891111 , 0.00519111 , 0.00416444 , 0.0042 , 0.00330222 , 0.00334222 , 
0.33296 , 0.270613 , 0.230933 , 0.166213 , 0.0867467 , 0.0477111 , 0.0385244 , 0.0146222 , 0.00523556 , 0.00330222 , 0.00310222 , 0.00306222 , 0.00306222 , 0.00306222 , 
0.37208 , 0.303698 , 0.253876 , 0.165031 , 0.08556 , 0.0417689 , 0.0314267 , 0.0140844 , 0.00786667 , 0.00565778 , 0.00471556 , 0.00471556 , 0.00471556 , 0.00471556 , 
0.246707 , 0.196422 , 0.164413 , 0.116662 , 0.0647111 , 0.0418667 , 0.03744 , 0.0132089 , 0.00444444 , 0.00235556 , 0.00160889 , 0.00121778 , 0.00117778 , 0.00117778 , 
0.350018 , 0.29868 , 0.253249 , 0.182116 , 0.0976667 , 0.0593556 , 0.0432578 , 0.00980444 , 0.00341333 , 0.00138222 , 0.00134222 , 0.00111556 , 0.00111556 , 0.00111556 , 
0.213911 , 0.168444 , 0.138898 , 0.0980133 , 0.0587867 , 0.0387022 , 0.0270133 , 0.00897778 , 0.00281333 , 0.00207111 , 0.00146222 , 0.00134222 , 0.00142222 , 0.00142222 , 
0.425716 , 0.3548 , 0.302196 , 0.214698 , 0.10452 , 0.0400533 , 0.0230711 , 0.0126933 , 0.0115022 , 0.01056 , 0.0103467 , 0.00978667 , 0.00890667 , 0.00890667 , 
0.249853 , 0.218644 , 0.193373 , 0.13664 , 0.0779244 , 0.0618489 , 0.0405422 , 0.0119956 , 0.00368 , 0.000697778 , 0.000435556 , 0.000204444 , 4e-05 , 4e-05 , 
0.422027 , 0.361258 , 0.312751 , 0.217089 , 0.101116 , 0.0386 , 0.0251733 , 0.0103378 , 0.00773333 , 0.00748 , 0.00729778 , 0.00732444 , 0.00732444 , 0.00732444 , 
0.420129 , 0.352542 , 0.303284 , 0.222204 , 0.112084 , 0.0439422 , 0.0309333 , 0.00937778 , 0.00491556 , 0.00377778 , 0.00377778 , 0.00356444 , 0.00328 , 0.00328 , 
0.412467 , 0.340044 , 0.293671 , 0.200449 , 0.09724 , 0.0370622 , 0.0268489 , 0.0133289 , 0.00908 , 0.00762222 , 0.00650667 , 0.00617333 , 0.00589778 , 0.00589778 , 
0.27568 , 0.223142 , 0.189476 , 0.130587 , 0.0705289 , 0.0404933 , 0.0344756 , 0.0111111 , 0.00285778 , 0.00190667 , 0.00172889 , 0.00165333 , 0.00154222 , 0.00154222 , 
0.0223689 , 0.0182844 , 0.01652 , 0.0128711 , 0.00932889 , 0.000844444 , 0.000413333 , 4e-05 , 4e-05 , 0 , 0 , 0 , 0 , 0 , 
0.421933 , 0.347809 , 0.29164 , 0.212182 , 0.108067 , 0.0317778 , 0.0220222 , 0.0102267 , 0.00745333 , 0.00726667 , 0.00714222 , 0.00660444 , 0.00521778 , 0.00521778 , 
0.39592 , 0.336267 , 0.290876 , 0.206649 , 0.104382 , 0.0596356 , 0.0367378 , 0.0125022 , 0.00532 , 0.00254667 , 0.00238222 , 0.00191111 , 0.00170667 , 0.00184889 , 
0.403804 , 0.329351 , 0.28516 , 0.191644 , 0.105938 , 0.0454311 , 0.0329378 , 0.0184489 , 0.0143244 , 0.0128489 , 0.01248 , 0.0112578 , 0.00992 , 0.00992 , 
0.2602 , 0.22716 , 0.196422 , 0.151809 , 0.0769556 , 0.0532578 , 0.0342356 , 0.0104444 , 0.00276444 , 0.000151111 , 0.000111111 , 0.000191111 , 0.000111111 , 0.000111111 , 
0.289698 , 0.228209 , 0.183542 , 0.122764 , 0.06812 , 0.0419822 , 0.0329822 , 0.0126267 , 0.00330222 , 0.00264444 , 0.00201778 , 0.00199111 , 0.00162222 , 0.00162222 , 
0.392062 , 0.319871 , 0.268196 , 0.190231 , 0.09572 , 0.0421289 , 0.032 , 0.0162044 , 0.00929333 , 0.00647111 , 0.00539556 , 0.00502222 , 0.00461333 , 0.00461333 , 
0.230027 , 0.207658 , 0.184796 , 0.141484 , 0.0781689 , 0.0521156 , 0.0323556 , 0.0102044 , 0.00417333 , 0.00124444 , 0.000622222 , 0.000595556 , 0.000408889 , 0.000408889 , 
0.403867 , 0.326991 , 0.26848 , 0.186831 , 0.0982178 , 0.0429867 , 0.0345111 , 0.0140756 , 0.00747111 , 0.00553778 , 0.00416 , 0.00399556 , 0.00359556 , 0.00359556 , 
0.425358 , 0.363264 , 0.309131 , 0.217313 , 0.101938 , 0.0539822 , 0.0396356 , 0.01432 , 0.00683778 , 0.0023 , 0.000931111 , 0.000631111 , 0.000455556 , 0.000455556 , 
0.09162 , 0.07388 , 0.0628289 , 0.0468022 , 0.0294333 , 0.0192333 , 0.0178133 , 0.00502444 , 0.00177556 , 0.000517778 , 0.00014 , 0.00014 , 0.00014 , 0.00014 , 
0.369982 , 0.313284 , 0.271398 , 0.187351 , 0.0803578 , 0.0575844 , 0.0409089 , 0.0287822 , 0.0190444 , 0.0112289 , 0.00488 , 0.00437111 , 0.00348 , 0.00348 , 
0.0986289 , 0.0906333 , 0.0801 , 0.0617 , 0.0337267 , 0.0197067 , 0.0123378 , 0.00380444 , 0.00106889 , 0.000151111 , 7.55556e-05 , 0.000646667 , 5.55556e-05 , 5.55556e-05 , 
0.198513 , 0.171049 , 0.145627 , 0.108596 , 0.0573667 , 0.0396978 , 0.0242956 , 0.01026 , 0.0048 , 0.00242667 , 0.00174222 , 0.00167778 , 0.00167778 , 0.00167778 , 
0.272256 , 0.220556 , 0.189087 , 0.128111 , 0.0681444 , 0.0379511 , 0.0343111 , 0.0164622 , 0.00714222 , 0.00271778 , 0.000864444 , 0.000622222 , 0.000448889 , 0.000448889 , 
0.112971 , 0.103736 , 0.0963867 , 0.0758311 , 0.0379067 , 0.0239978 , 0.01692 , 0.00453111 , 0.00121778 , 0.000386667 , 0.00034 , 0.000217778 , 8.66667e-05 , 8.66667e-05 , 
0.348167 , 0.284458 , 0.243989 , 0.17074 , 0.0794444 , 0.0383311 , 0.0351444 , 0.0242556 , 0.0134178 , 0.00597778 , 0.00270444 , 0.00238667 , 0.00192889 , 0.00192889 , 
0.279862 , 0.225213 , 0.187569 , 0.133309 , 0.0647556 , 0.0322822 , 0.0335222 , 0.0176956 , 0.00822 , 0.00196 , 0.000657778 , 0.000528889 , 0.000433333 , 0.000433333 , 
0.39064 , 0.316911 , 0.26168 , 0.178962 , 0.0848644 , 0.0320489 , 0.0305311 , 0.02124 , 0.0139756 , 0.00664 , 0.00412667 , 0.00350667 , 0.00250889 , 0.00250889 , 
0.297989 , 0.256598 , 0.226091 , 0.168922 , 0.0910978 , 0.0596222 , 0.0417267 , 0.0296978 , 0.0205489 , 0.0103222 , 0.00238 , 0.00195333 , 0.00178444 , 0.00177111 , 
0.276591 , 0.2214 , 0.185662 , 0.134173 , 0.0705556 , 0.0399156 , 0.0361133 , 0.0216889 , 0.0106067 , 0.00557333 , 0.00269333 , 0.00245111 , 0.00227333 , 0.00227333 , 
0.107409 , 0.0866156 , 0.0733978 , 0.0511778 , 0.0303844 , 0.0206867 , 0.0194756 , 0.00550444 , 0.000873333 , 0.000557778 , 0.000557778 , 0.000502222 , 0.000502222 , 0.000502222 , 
0.193353 , 0.156447 , 0.133191 , 0.0943844 , 0.0534689 , 0.0317311 , 0.0279356 , 0.0111956 , 0.00367556 , 0.00208667 , 0.00174444 , 0.00168 , 0.00161333 , 0.00161333 , 
0.315884 , 0.253151 , 0.207773 , 0.141729 , 0.0680667 , 0.0340556 , 0.0321889 , 0.0183578 , 0.00893778 , 0.0047 , 0.00223333 , 0.00149778 , 0.000662222 , 0.000662222 , 
0.401771 , 0.338882 , 0.294629 , 0.208433 , 0.104884 , 0.06108 , 0.0487711 , 0.0215578 , 0.0122044 , 0.00489556 , 0.00129333 , 0.000697778 , 0.000297778 , 0.000297778 , 
0.339638 , 0.292567 , 0.250736 , 0.170018 , 0.0832111 , 0.0638133 , 0.0452 , 0.0359756 , 0.0276556 , 0.0166133 , 0.00533556 , 0.00468444 , 0.00367333 , 0.00371333 , 
0.408598 , 0.330896 , 0.276696 , 0.179616 , 0.0775511 , 0.0280778 , 0.0223022 , 0.0133422 , 0.0107 , 0.00756889 , 0.00467556 , 0.00428 , 0.00374 , 0.00374 , 
0.308764 , 0.272256 , 0.235816 , 0.1696 , 0.0851067 , 0.0646533 , 0.0462956 , 0.0254956 , 0.0145667 , 0.00458222 , 0.00112667 , 0.00058 , 9.55556e-05 , 9.55556e-05 , 
0.414156 , 0.337676 , 0.28638 , 0.191084 , 0.09102 , 0.02924 , 0.0223911 , 0.0113378 , 0.00739111 , 0.00524889 , 0.00341778 , 0.00348 , 0.00315556 , 0.00315556 , 
0.324451 , 0.264453 , 0.222696 , 0.15114 , 0.0747044 , 0.0363578 , 0.0355022 , 0.0223422 , 0.0120133 , 0.00570444 , 0.00192 , 0.00164444 , 0.00126444 , 0.00126444 , 
0.429787 , 0.360916 , 0.312453 , 0.216551 , 0.0991733 , 0.0461378 , 0.0341956 , 0.0186422 , 0.0116356 , 0.0083 , 0.00559778 , 0.00535111 , 0.00432667 , 0.00432667 , 
0.426678 , 0.358991 , 0.300971 , 0.217487 , 0.0980511 , 0.0496089 , 0.0356044 , 0.01636 , 0.0103133 , 0.00609556 , 0.00338222 , 0.00297111 , 0.00223111 , 0.00223111 , 
0.430413 , 0.365471 , 0.314507 , 0.213496 , 0.09674 , 0.0407644 , 0.0313689 , 0.0154978 , 0.0103867 , 0.00751333 , 0.00431333 , 0.00383556 , 0.00333111 , 0.00333111 , 
0.0789911 , 0.0639867 , 0.0550667 , 0.0428778 , 0.0279111 , 0.0165 , 0.0151911 , 0.00509111 , 0.00154889 , 0.000853333 , 0.000708889 , 0.000393333 , 0.00034 , 0.00034 , 
0.186984 , 0.148547 , 0.130053 , 0.0902089 , 0.0527289 , 0.0308867 , 0.0280022 , 0.00977778 , 0.00346444 , 0.000786667 , 0.000584444 , 0.000548889 , 0.000575556 , 0.000575556 , 
0.429278 , 0.360084 , 0.307184 , 0.207236 , 0.0987778 , 0.0370289 , 0.0277578 , 0.0152467 , 0.01022 , 0.00747778 , 0.00470222 , 0.00471556 , 0.00472222 , 0.00472222 , 
0.384418 , 0.305569 , 0.255176 , 0.182191 , 0.0848022 , 0.0312067 , 0.02494 , 0.0126667 , 0.00719111 , 0.00308889 , 0.00167556 , 0.00145556 , 0.00134667 , 0.00134667 , 
0.329127 , 0.289529 , 0.245538 , 0.177764 , 0.0911244 , 0.0654467 , 0.0430844 , 0.0323333 , 0.0185978 , 0.00991111 , 0.00323778 , 0.00273111 , 0.00231111 , 0.00231111 , 
0.299618 , 0.256458 , 0.225578 , 0.15984 , 0.0798178 , 0.0602356 , 0.0406911 , 0.0254733 , 0.0155733 , 0.00739556 , 0.00186667 , 0.00114222 , 0.000773333 , 0.000773333 , 
0.4028 , 0.327171 , 0.284244 , 0.193751 , 0.08996 , 0.0293778 , 0.0226578 , 0.0110578 , 0.00633333 , 0.00410889 , 0.00326 , 0.00333556 , 0.00319778 , 0.00319778 , 
0.42636 , 0.360309 , 0.315 , 0.231604 , 0.109793 , 0.0487333 , 0.0373244 , 0.01488 , 0.00639333 , 0.00224222 , 0.000553333 , 0.000364444 , 0.000273333 , 0.000273333 , 
0.173847 , 0.157513 , 0.135749 , 0.10504 , 0.0547333 , 0.0373733 , 0.0212489 , 0.00862667 , 0.00328667 , 0.000542222 , 0.0001 , 6e-05 , 6e-05 , 6e-05 , 
0.312522 , 0.270853 , 0.233658 , 0.177493 , 0.0923844 , 0.0630356 , 0.0429756 , 0.0279622 , 0.0168533 , 0.00683556 , 0.00167778 , 0.000955556 , 5.55556e-05 , 5.55556e-05 , 
0.290347 , 0.251742 , 0.21494 , 0.153422 , 0.0675978 , 0.0583556 , 0.03992 , 0.0266511 , 0.0170044 , 0.0103289 , 0.00310889 , 0.00261556 , 0.00217111 , 0.00217111 , 
0.383716 , 0.326431 , 0.285049 , 0.197347 , 0.0949156 , 0.0634222 , 0.04424 , 0.02042 , 0.0102422 , 0.00417778 , 0.000871111 , 0.00034 , 9.55556e-05 , 9.55556e-05 , 
0.405338 , 0.344891 , 0.289822 , 0.198853 , 0.0987444 , 0.05468 , 0.0393044 , 0.0250311 , 0.0174867 , 0.0128667 , 0.00649333 , 0.00563556 , 0.00430667 , 0.00430667 , 
0.270249 , 0.217464 , 0.180927 , 0.122207 , 0.0596289 , 0.0349333 , 0.0313933 , 0.0129756 , 0.00521111 , 0.00245333 , 0.00187333 , 0.00167111 , 0.00151778 , 0.00151778 , 
0.354153 , 0.286644 , 0.245249 , 0.166398 , 0.0805067 , 0.0378867 , 0.0329533 , 0.0198067 , 0.0130067 , 0.00651111 , 0.00353111 , 0.00272 , 0.00147333 , 0.00147333 , 
0.375319 , 0.306418 , 0.26355 , 0.184113 , 0.0831274 , 0.0303467 , 0.0267422 , 0.0179807 , 0.0108252 , 0.00710074 , 0.00315407 , 0.00197481 , 0.00096 , 0.00096 , 
0.119727 , 0.107307 , 0.0962711 , 0.0752963 , 0.04412 , 0.0313037 , 0.0219822 , 0.0106548 , 0.00572444 , 0.00145926 , 0.000112593 , 4.88889e-05 , 1.33333e-05 , 1.33333e-05 , 
0.431476 , 0.362209 , 0.303772 , 0.210197 , 0.0926415 , 0.0264756 , 0.0200222 , 0.0106 , 0.00744889 , 0.00685926 , 0.00628296 , 0.00541037 , 0.00440593 , 0.00440593 , 
0.289612 , 0.23345 , 0.197483 , 0.130967 , 0.0638933 , 0.0301481 , 0.0303526 , 0.0227437 , 0.012643 , 0.00717333 , 0.00261333 , 0.00200296 , 0.00165333 , 0.00165333 , 
0.0814311 , 0.07868 , 0.0726726 , 0.0571689 , 0.0305363 , 0.0178652 , 0.0117304 , 0.00561778 , 0.00298815 , 0.000962963 , 0.000352593 , 0.000315556 , 0.000155556 , 0.000151111 , 
0.430513 , 0.36011 , 0.302804 , 0.211711 , 0.0961763 , 0.0346519 , 0.0268681 , 0.0137793 , 0.0111719 , 0.00998519 , 0.0070163 , 0.00614519 , 0.00396889 , 0.00423556 , 
0.206385 , 0.167394 , 0.138316 , 0.097877 , 0.048723 , 0.0252104 , 0.0260296 , 0.0135615 , 0.0066 , 0.00305481 , 0.00131259 , 0.00114519 , 0.000977778 , 0.000977778 , 
0.061477 , 0.060997 , 0.0565659 , 0.0459304 , 0.0218163 , 0.0110044 , 0.00790963 , 0.00323407 , 0.00230519 , 0.00130815 , 0.000521481 , 0.000358519 , 0.000444444 , 0.000311111 , 
0.435071 , 0.368985 , 0.3098 , 0.205809 , 0.0875348 , 0.0393896 , 0.0295348 , 0.0186267 , 0.0123274 , 0.00936148 , 0.00663259 , 0.00560444 , 0.00349333 , 0.00349333 , 
0.175193 , 0.143196 , 0.122655 , 0.0849733 , 0.0459348 , 0.0262356 , 0.0246785 , 0.0131156 , 0.0044563 , 0.00149185 , 0.000571852 , 0.000576296 , 0.000466667 , 0.000466667 , 
0.433902 , 0.356716 , 0.308493 , 0.227191 , 0.0998178 , 0.0414222 , 0.0322948 , 0.0157319 , 0.0109215 , 0.0091037 , 0.00674222 , 0.00601333 , 0.00340593 , 0.00340593 , 
0.196323 , 0.172267 , 0.153698 , 0.114396 , 0.0628904 , 0.0422533 , 0.0311807 , 0.0208933 , 0.0130563 , 0.00576148 , 0.00133037 , 0.000588148 , 9.33333e-05 , 9.33333e-05 , 
0.286507 , 0.230056 , 0.193093 , 0.13567 , 0.0658237 , 0.0308919 , 0.0302948 , 0.0209052 , 0.0117348 , 0.00512 , 0.00163852 , 0.00116889 , 0.000454815 , 0.000454815 , 
0.36552 , 0.309957 , 0.26087 , 0.178305 , 0.080637 , 0.0539081 , 0.03748 , 0.0329896 , 0.0270281 , 0.0204681 , 0.0109807 , 0.0076563 , 0.00408444 , 0.00360889 , 
591511 , 615626 , 626580 , 643201 , 671588 , 701781 , 710414 , 715175 , 718650 , 721561 , 724087 , 724444 , 724497 , 724497 , 
598976 , 621002 , 628939 , 651269 , 677963 , 704925 , 716664 , 726095 , 729973 , 734087 , 736978 , 737318 , 737326 , 737326 , 
24593.2 , 25984.8 , 29039.8 , 33045.6 , 38611.4 , 41102.7 , 42656.1 , 46066.2 , 46356.7 , 46507.3 , 46539.8 , 46570.6 , 46570.6 , 46570.6 , 
630012 , 649840 , 662436 , 685981 , 710283 , 730598 , 743534 , 752133 , 759103 , 764720 , 769115 , 769240 , 769240 , 769240 , 
627801 , 648120 , 656825 , 678606 , 705867 , 730248 , 737558 , 743420 , 746403 , 749738 , 752891 , 753876 , 755095 , 755095 , 
