milestone, 1, 2, 3, 5, 10, 20, 30, 40, 50, 60, 70, 80, 90, 100
0.299311 , 0.244 , 0.210827 , 0.153782 , 0.0839289 , 0.0464 , 0.0453111 , 0.0260933 , 0.0130044 , 0.0113822 , 0.00979556 , 0.00964444 , 0.00974222 , 0.00979556 , 
0.377173 , 0.313902 , 0.27544 , 0.207724 , 0.0970178 , 0.0562844 , 0.0378711 , 0.0355556 , 0.0311644 , 0.0291511 , 0.0235422 , 0.02188 , 0.02172 , 0.0214889 , 
0.282262 , 0.236396 , 0.200458 , 0.149111 , 0.0882756 , 0.0559556 , 0.0574933 , 0.0330756 , 0.01528 , 0.0158044 , 0.0138044 , 0.0147111 , 0.0142756 , 0.0136533 , 
0.142564 , 0.1178 , 0.102293 , 0.0772711 , 0.0570222 , 0.0326133 , 0.0287244 , 0.0107511 , 0.00433778 , 0.00329333 , 0.00219111 , 0.00211111 , 0.00211111 , 0.00211111 , 
0.141373 , 0.117876 , 0.103316 , 0.0755067 , 0.0496711 , 0.0278444 , 0.0269511 , 0.0148267 , 0.00710222 , 0.00785333 , 0.00463556 , 0.00447111 , 0.00372444 , 0.00387556 , 
0.383596 , 0.332996 , 0.290702 , 0.216476 , 0.1128 , 0.0664222 , 0.0456578 , 0.0385378 , 0.0347422 , 0.0328889 , 0.0301556 , 0.0307689 , 0.0292933 , 0.0290489 , 
0.118342 , 0.104164 , 0.0920089 , 0.0655644 , 0.0321778 , 0.0145911 , 0.0122356 , 0.00657333 , 0.00433778 , 0.00175111 , 0.00148 , 0.00105778 , 0.000982222 , 0.00076 , 
0.350907 , 0.299129 , 0.257827 , 0.197671 , 0.0956133 , 0.0592622 , 0.0398889 , 0.0346844 , 0.0277822 , 0.0247467 , 0.0204578 , 0.0189244 , 0.0173244 , 0.01792 , 
0.112338 , 0.0930311 , 0.0833733 , 0.0672089 , 0.0476489 , 0.02572 , 0.0234489 , 0.0133067 , 0.00849333 , 0.00601333 , 0.00473778 , 0.00420889 , 0.00346667 , 0.00346667 , 
0.415409 , 0.350289 , 0.301053 , 0.219987 , 0.122196 , 0.0526044 , 0.0368044 , 0.0320533 , 0.0283422 , 0.0280533 , 0.02772 , 0.0280489 , 0.0280889 , 0.0285822 , 
0.363116 , 0.312969 , 0.274609 , 0.194431 , 0.106191 , 0.0703644 , 0.0497956 , 0.0320311 , 0.0241511 , 0.0246444 , 0.0240933 , 0.0239733 , 0.0229822 , 0.0224222 , 
0.19412 , 0.160902 , 0.140956 , 0.102031 , 0.0582089 , 0.0401156 , 0.0393778 , 0.0379644 , 0.0268978 , 0.0255822 , 0.0170622 , 0.0187778 , 0.0147333 , 0.0140311 , 
0.154436 , 0.144 , 0.130662 , 0.104822 , 0.0480089 , 0.0255822 , 0.0158311 , 0.00470667 , 0.00243111 , 0.000822222 , 0.00088 , 0.000977778 , 0.00076 , 0.000751111 , 
0.283649 , 0.242747 , 0.218813 , 0.163889 , 0.102902 , 0.0626978 , 0.0560756 , 0.0251333 , 0.0131289 , 0.0104711 , 0.00852 , 0.0086 , 0.00846222 , 0.00846222 , 
0.0911067 , 0.0780178 , 0.0702311 , 0.0544 , 0.0348889 , 0.0154489 , 0.0138667 , 0.00845778 , 0.00534222 , 0.00258667 , 0.00206222 , 0.00148889 , 0.00114667 , 0.00124444 , 
0.404236 , 0.339476 , 0.287907 , 0.204742 , 0.106182 , 0.0377556 , 0.02988 , 0.02348 , 0.0205911 , 0.0180933 , 0.01908 , 0.0187289 , 0.0185867 , 0.0191067 , 
0.306231 , 0.26156 , 0.224516 , 0.169427 , 0.0920089 , 0.0546711 , 0.0311956 , 0.0233156 , 0.0151689 , 0.0148667 , 0.0122844 , 0.01228 , 0.011 , 0.0105511 , 
0.369502 , 0.310884 , 0.267431 , 0.192387 , 0.103302 , 0.0651467 , 0.04464 , 0.0388711 , 0.03644 , 0.0345333 , 0.0324933 , 0.0309156 , 0.0313689 , 0.0297733 , 
0.404111 , 0.335293 , 0.291813 , 0.209124 , 0.116951 , 0.0455022 , 0.0359733 , 0.0258267 , 0.0192489 , 0.0184489 , 0.0177511 , 0.0174311 , 0.0172889 , 0.0176444 , 
0.340209 , 0.28496 , 0.244924 , 0.176147 , 0.0992178 , 0.0536444 , 0.04904 , 0.0307422 , 0.0171067 , 0.0156044 , 0.0139378 , 0.0136 , 0.0128889 , 0.0131644 , 
0.382591 , 0.319844 , 0.272858 , 0.202547 , 0.107253 , 0.0421289 , 0.0370133 , 0.0198222 , 0.0125022 , 0.0121689 , 0.01104 , 0.01104 , 0.01112 , 0.01104 , 
0.254351 , 0.209858 , 0.180493 , 0.13208 , 0.0784889 , 0.0483644 , 0.0459156 , 0.0418667 , 0.0285822 , 0.0264444 , 0.0238311 , 0.0202933 , 0.0199111 , 0.0172133 , 
0.350947 , 0.300649 , 0.254191 , 0.190498 , 0.0962267 , 0.0664933 , 0.0451333 , 0.0389778 , 0.0311644 , 0.0294 , 0.0281022 , 0.0286622 , 0.0271067 , 0.0266356 , 
0.224356 , 0.181582 , 0.152582 , 0.109898 , 0.0687822 , 0.0439911 , 0.0409956 , 0.0170044 , 0.00447111 , 0.00455111 , 0.00428889 , 0.00428889 , 0.00449778 , 0.00433778 , 
0.42672 , 0.356756 , 0.295618 , 0.218253 , 0.116116 , 0.0447511 , 0.0325689 , 0.0305156 , 0.0286178 , 0.02792 , 0.0270444 , 0.0263422 , 0.0264267 , 0.0270578 , 
0.251653 , 0.224022 , 0.197707 , 0.148613 , 0.0810578 , 0.0619067 , 0.04036 , 0.03224 , 0.0205022 , 0.0186578 , 0.0167911 , 0.0152222 , 0.0146622 , 0.0144667 , 
0.422262 , 0.35776 , 0.309351 , 0.225729 , 0.118067 , 0.0451822 , 0.0316489 , 0.0321467 , 0.0304089 , 0.0291778 , 0.02788 , 0.0278489 , 0.02756 , 0.0279111 , 
0.42336 , 0.351716 , 0.29652 , 0.222 , 0.122676 , 0.0463067 , 0.0329733 , 0.0310178 , 0.0285022 , 0.0284933 , 0.0281022 , 0.0279333 , 0.0284222 , 0.0283244 , 
0.415271 , 0.345809 , 0.293591 , 0.202191 , 0.109587 , 0.0471511 , 0.0340533 , 0.0246533 , 0.0202711 , 0.0209333 , 0.0195467 , 0.0195556 , 0.0196533 , 0.0196356 , 
0.28712 , 0.231 , 0.199013 , 0.151773 , 0.0875467 , 0.0528222 , 0.0453244 , 0.0205467 , 0.00779556 , 0.00695111 , 0.00712889 , 0.00703111 , 0.00687111 , 0.00704889 , 
0.0238622 , 0.01912 , 0.0170178 , 0.0147156 , 0.0101867 , 0.00124889 , 0.000955556 , 0.0002 , 0.00012 , 0.00012 , 0.00012 , 4e-05 , 4e-05 , 4e-05 , 
0.431151 , 0.364409 , 0.310493 , 0.228582 , 0.117578 , 0.0383689 , 0.0277422 , 0.0277689 , 0.0267022 , 0.0259422 , 0.0244178 , 0.0239689 , 0.02336 , 0.0230133 , 
0.400404 , 0.345129 , 0.299267 , 0.216489 , 0.115813 , 0.0619378 , 0.0472756 , 0.0433956 , 0.0353289 , 0.0346711 , 0.0351911 , 0.0337956 , 0.0332178 , 0.03248 , 
0.410529 , 0.353524 , 0.295716 , 0.211031 , 0.11028 , 0.05644 , 0.0377111 , 0.0334133 , 0.0306844 , 0.0309156 , 0.0296444 , 0.0316222 , 0.0314667 , 0.0312533 , 
0.258431 , 0.225036 , 0.19644 , 0.139209 , 0.0746178 , 0.0549911 , 0.0326844 , 0.0205689 , 0.01428 , 0.0122178 , 0.0110844 , 0.0105956 , 0.01064 , 0.0104667 , 
0.296062 , 0.24408 , 0.215129 , 0.154262 , 0.0800667 , 0.0485022 , 0.0508444 , 0.0444844 , 0.0292844 , 0.0266978 , 0.023 , 0.0210444 , 0.0183956 , 0.01564 , 
0.39968 , 0.340502 , 0.289533 , 0.207409 , 0.109689 , 0.0397644 , 0.0285556 , 0.0199067 , 0.0144622 , 0.014 , 0.0132311 , 0.0131644 , 0.0131556 , 0.0132978 , 
0.234484 , 0.206347 , 0.185302 , 0.134644 , 0.07108 , 0.0561822 , 0.0333467 , 0.0190222 , 0.0111778 , 0.0101956 , 0.00841778 , 0.00864444 , 0.00746222 , 0.00769333 , 
0.415804 , 0.353178 , 0.304196 , 0.211356 , 0.110156 , 0.04404 , 0.0316489 , 0.0228178 , 0.0178444 , 0.0176533 , 0.0177156 , 0.0176089 , 0.0178222 , 0.0183556 , 
0.423218 , 0.361756 , 0.314484 , 0.220424 , 0.110264 , 0.0556444 , 0.0398578 , 0.0384178 , 0.0331378 , 0.0338467 , 0.0333089 , 0.0303711 , 0.0291244 , 0.0261711 , 
0.0939089 , 0.0782956 , 0.0686022 , 0.0542511 , 0.0371844 , 0.0213467 , 0.0202333 , 0.0144822 , 0.00879111 , 0.00904 , 0.00608222 , 0.00610667 , 0.00566222 , 0.00556444 , 
0.372987 , 0.3152 , 0.27428 , 0.198204 , 0.0998533 , 0.0620267 , 0.0409356 , 0.0338889 , 0.0265889 , 0.0209867 , 0.0200156 , 0.0176244 , 0.0183578 , 0.0182533 , 
0.0986 , 0.0891089 , 0.0812756 , 0.0593178 , 0.0329156 , 0.0210422 , 0.0132533 , 0.00696444 , 0.00363556 , 0.00321778 , 0.00227333 , 0.00215556 , 0.00210889 , 0.00235778 , 
0.197044 , 0.175449 , 0.15502 , 0.11644 , 0.0582644 , 0.0416267 , 0.0259489 , 0.0117311 , 0.00443556 , 0.00464444 , 0.00407556 , 0.00403333 , 0.00372 , 0.00377778 , 
0.277262 , 0.233764 , 0.203731 , 0.145087 , 0.0712689 , 0.0369356 , 0.0355867 , 0.0372822 , 0.0285267 , 0.0269289 , 0.0219 , 0.0219889 , 0.0209044 , 0.0202333 , 
0.114687 , 0.104473 , 0.0899711 , 0.0626311 , 0.0346644 , 0.0263933 , 0.0162844 , 0.00455778 , 0.00119556 , 0.00112889 , 0.00116889 , 0.00113111 , 0.00114889 , 0.00112667 , 
0.350224 , 0.290889 , 0.249251 , 0.179989 , 0.0878067 , 0.0356644 , 0.0320956 , 0.0253822 , 0.01678 , 0.0164378 , 0.0152644 , 0.0144733 , 0.01446 , 0.0152289 , 
0.285109 , 0.2363 , 0.200287 , 0.149533 , 0.0750133 , 0.0388911 , 0.0370956 , 0.0170422 , 0.00679333 , 0.00645778 , 0.00636 , 0.00642222 , 0.00642667 , 0.00655556 , 
0.390889 , 0.320102 , 0.268491 , 0.185996 , 0.08814 , 0.0344733 , 0.0290889 , 0.0221978 , 0.0166911 , 0.0168444 , 0.0172311 , 0.0170222 , 0.0167467 , 0.0171244 , 
0.298169 , 0.262811 , 0.231793 , 0.17034 , 0.08482 , 0.0550578 , 0.0401067 , 0.0272444 , 0.0195578 , 0.0161511 , 0.0126844 , 0.0124511 , 0.0121156 , 0.0123444 , 
0.289007 , 0.243369 , 0.210922 , 0.153664 , 0.0723933 , 0.0344044 , 0.0335756 , 0.0408778 , 0.0297822 , 0.0304978 , 0.0278889 , 0.02532 , 0.0263267 , 0.0239933 , 
0.11488 , 0.0943889 , 0.0800067 , 0.0607 , 0.0378711 , 0.0202378 , 0.0186244 , 0.0206844 , 0.0149111 , 0.0167356 , 0.0123867 , 0.0113556 , 0.00970444 , 0.00963333 , 
0.194936 , 0.162296 , 0.135456 , 0.0976467 , 0.0539978 , 0.0291822 , 0.0299022 , 0.0133089 , 0.00399556 , 0.00396444 , 0.00392444 , 0.00392444 , 0.00392444 , 0.00392444 , 
0.327636 , 0.273947 , 0.233393 , 0.168253 , 0.0846711 , 0.0389244 , 0.0346333 , 0.0199978 , 0.00842889 , 0.00886 , 0.00864667 , 0.00887111 , 0.00882889 , 0.00886444 , 
0.402558 , 0.344202 , 0.303513 , 0.220404 , 0.113073 , 0.0653533 , 0.0472911 , 0.0399622 , 0.0302933 , 0.0289533 , 0.0250822 , 0.0238422 , 0.0238911 , 0.0244578 , 
0.345951 , 0.301618 , 0.264116 , 0.1956 , 0.0992756 , 0.0628644 , 0.0388933 , 0.0298111 , 0.0209244 , 0.0181844 , 0.0166956 , 0.0162778 , 0.0158533 , 0.0145111 , 
0.41966 , 0.353202 , 0.295638 , 0.208082 , 0.105013 , 0.0341933 , 0.0263422 , 0.0260689 , 0.0219289 , 0.0226644 , 0.0227311 , 0.0206133 , 0.0207578 , 0.0215844 , 
0.310836 , 0.271438 , 0.246358 , 0.18662 , 0.0931133 , 0.0571733 , 0.0421311 , 0.0356267 , 0.0272933 , 0.0259067 , 0.0250733 , 0.023 , 0.0241089 , 0.0210711 , 
0.415076 , 0.352678 , 0.303478 , 0.208149 , 0.104616 , 0.0353556 , 0.0254 , 0.0223089 , 0.0201667 , 0.0217556 , 0.0218956 , 0.0227444 , 0.02374 , 0.0235911 , 
0.33596 , 0.279009 , 0.241051 , 0.168809 , 0.0795467 , 0.0377133 , 0.0365778 , 0.0202911 , 0.01082 , 0.0107267 , 0.0105667 , 0.0108756 , 0.0106667 , 0.0113244 , 
0.435616 , 0.373164 , 0.324767 , 0.228571 , 0.117553 , 0.0464356 , 0.03246 , 0.0316333 , 0.0300444 , 0.0279133 , 0.0312533 , 0.0296356 , 0.0326467 , 0.0285311 , 
0.432849 , 0.363853 , 0.315369 , 0.227098 , 0.112836 , 0.0438622 , 0.0325333 , 0.0307644 , 0.0287022 , 0.0283089 , 0.0287511 , 0.0277578 , 0.0270289 , 0.0263978 , 
0.428807 , 0.359 , 0.314522 , 0.22406 , 0.1068 , 0.0385867 , 0.0291178 , 0.0282622 , 0.0277711 , 0.0269156 , 0.0270711 , 0.0264978 , 0.0252822 , 0.0248889 , 
0.08118 , 0.0665044 , 0.0571889 , 0.0447489 , 0.0306022 , 0.0208667 , 0.0194356 , 0.0104333 , 0.00618 , 0.0051 , 0.00326444 , 0.00322444 , 0.00312222 , 0.00312222 , 
0.187511 , 0.152064 , 0.13058 , 0.0928511 , 0.0538844 , 0.0319556 , 0.0313778 , 0.0163289 , 0.00714667 , 0.00739556 , 0.00751556 , 0.00712444 , 0.00672889 , 0.00682222 , 
0.434609 , 0.361742 , 0.304678 , 0.226336 , 0.105753 , 0.0436778 , 0.0322978 , 0.0314422 , 0.0293044 , 0.0288667 , 0.0293422 , 0.0297222 , 0.0301622 , 0.02986 , 
0.393178 , 0.33536 , 0.283662 , 0.197198 , 0.0942133 , 0.03534 , 0.0299156 , 0.0224578 , 0.0157889 , 0.0152911 , 0.0148467 , 0.0151356 , 0.01482 , 0.0147978 , 
0.328829 , 0.288909 , 0.251829 , 0.181942 , 0.0864778 , 0.0623289 , 0.0394222 , 0.0318156 , 0.0212 , 0.0204511 , 0.0160333 , 0.0152133 , 0.0156467 , 0.0148756 , 
0.298233 , 0.259991 , 0.231698 , 0.166498 , 0.0865067 , 0.0607 , 0.0370978 , 0.0320067 , 0.0225756 , 0.02054 , 0.01578 , 0.0157089 , 0.0158111 , 0.0151711 , 
0.407213 , 0.339987 , 0.292664 , 0.201062 , 0.10236 , 0.0280867 , 0.0213467 , 0.0208222 , 0.0158933 , 0.0152267 , 0.0148711 , 0.0138667 , 0.0132956 , 0.0134422 , 
0.432833 , 0.373302 , 0.327822 , 0.228831 , 0.120656 , 0.0527822 , 0.0411556 , 0.0388489 , 0.035 , 0.0348489 , 0.0366778 , 0.0367911 , 0.0348422 , 0.0356533 , 
0.174842 , 0.160362 , 0.143289 , 0.111533 , 0.0542133 , 0.0364644 , 0.0201111 , 0.0125089 , 0.00632222 , 0.00544889 , 0.00437556 , 0.00443333 , 0.00378222 , 0.00403556 , 
0.310322 , 0.2739 , 0.238331 , 0.175413 , 0.0886089 , 0.0646067 , 0.04088 , 0.0327733 , 0.0225956 , 0.0196756 , 0.0143333 , 0.0138956 , 0.0138156 , 0.0124311 , 
0.290189 , 0.25124 , 0.218511 , 0.162982 , 0.0866556 , 0.0555311 , 0.0357667 , 0.0254089 , 0.0142467 , 0.0134822 , 0.0113044 , 0.0114867 , 0.0112956 , 0.0117089 , 
0.383044 , 0.326284 , 0.281107 , 0.200671 , 0.0996422 , 0.0647222 , 0.0434356 , 0.0335578 , 0.0268444 , 0.0255889 , 0.0214867 , 0.0215756 , 0.0211222 , 0.0210289 , 
0.41106 , 0.34986 , 0.302144 , 0.217482 , 0.10322 , 0.0598111 , 0.0397089 , 0.0359933 , 0.0295444 , 0.0273489 , 0.0218489 , 0.02186 , 0.0212111 , 0.0202756 , 
0.275656 , 0.228271 , 0.194596 , 0.137242 , 0.0702378 , 0.0353756 , 0.0330489 , 0.0177311 , 0.00756 , 0.00752667 , 0.00683111 , 0.00683111 , 0.00698667 , 0.00681778 , 
0.358524 , 0.298193 , 0.2509 , 0.183789 , 0.0887933 , 0.0362644 , 0.0345444 , 0.0244422 , 0.0156111 , 0.0163778 , 0.0151467 , 0.0152 , 0.01496 , 0.0151533 , 
0.382696 , 0.322644 , 0.278218 , 0.202779 , 0.101496 , 0.03288 , 0.0268785 , 0.02088 , 0.0137541 , 0.0143156 , 0.0150119 , 0.015083 , 0.0155185 , 0.0146459 , 
0.119434 , 0.10907 , 0.0993556 , 0.0752504 , 0.0452489 , 0.0313067 , 0.0211585 , 0.0118326 , 0.00603407 , 0.00535556 , 0.00424741 , 0.00408148 , 0.00385926 , 0.00391407 , 
0.435517 , 0.366647 , 0.315593 , 0.227979 , 0.115441 , 0.0326652 , 0.024277 , 0.0237852 , 0.0240489 , 0.0233985 , 0.0246163 , 0.0238933 , 0.0238385 , 0.02332 , 
0.301836 , 0.249144 , 0.214015 , 0.157123 , 0.0779215 , 0.03344 , 0.0304267 , 0.0178459 , 0.00966667 , 0.00994667 , 0.00948296 , 0.0092563 , 0.00939259 , 0.00975704 , 
0.0811037 , 0.0788385 , 0.0734133 , 0.0559956 , 0.0292607 , 0.0176578 , 0.0102741 , 0.00737926 , 0.00520148 , 0.00394074 , 0.00258519 , 0.00252148 , 0.00241481 , 0.00234667 , 
0.439126 , 0.384696 , 0.330501 , 0.234043 , 0.116283 , 0.0412933 , 0.0319941 , 0.0317141 , 0.0309037 , 0.0310815 , 0.0302978 , 0.0290341 , 0.0283793 , 0.0274044 , 
0.213781 , 0.178956 , 0.155431 , 0.112836 , 0.0512519 , 0.026157 , 0.025 , 0.0167748 , 0.0105452 , 0.0099437 , 0.00877333 , 0.0086 , 0.00823704 , 0.00800444 , 
0.0610444 , 0.0608044 , 0.0567037 , 0.0471141 , 0.0237467 , 0.0127052 , 0.00848741 , 0.0033037 , 0.00158222 , 0.000912593 , 0.000954074 , 0.00109037 , 0.00082963 , 0.00073037 , 
0.43853 , 0.369204 , 0.317886 , 0.214548 , 0.104277 , 0.0420207 , 0.0327911 , 0.029877 , 0.0274267 , 0.0268785 , 0.0258222 , 0.0260578 , 0.0259156 , 0.0247733 , 
0.180687 , 0.152479 , 0.132806 , 0.10256 , 0.0556948 , 0.0262133 , 0.0260415 , 0.0230889 , 0.0130015 , 0.013363 , 0.0110578 , 0.0106385 , 0.00911852 , 0.00915704 , 
0.436761 , 0.366748 , 0.313157 , 0.229196 , 0.10312 , 0.0372237 , 0.0261926 , 0.0265481 , 0.02392 , 0.0234252 , 0.0221407 , 0.0230415 , 0.0234948 , 0.0239956 , 
0.198161 , 0.179665 , 0.160437 , 0.125772 , 0.0655407 , 0.0421704 , 0.0241496 , 0.0231067 , 0.0172059 , 0.0168267 , 0.0160163 , 0.0121319 , 0.0125896 , 0.00930519 , 
0.29325 , 0.239919 , 0.203569 , 0.147277 , 0.0796415 , 0.0334444 , 0.0298607 , 0.0249763 , 0.0178119 , 0.0179896 , 0.01364 , 0.0143274 , 0.0129822 , 0.0132681 , 
0.367797 , 0.315267 , 0.269708 , 0.193261 , 0.0952133 , 0.0573778 , 0.0410252 , 0.0342311 , 0.02432 , 0.0207244 , 0.0158044 , 0.0142667 , 0.0123081 , 0.0123556 , 
0.383708 , 0.322157 , 0.275169 , 0.199941 , 0.0996222 , 0.0309496 , 0.0246163 , 0.023603 , 0.0190415 , 0.0187111 , 0.0181526 , 0.0184089 , 0.0186133 , 0.0187037 , 
0.380738 , 0.322388 , 0.270431 , 0.19489 , 0.0948504 , 0.0319852 , 0.026957 , 0.0245185 , 0.01844 , 0.0191081 , 0.0178548 , 0.0178904 , 0.0186607 , 0.0186711 , 
0.109504 , 0.0957422 , 0.0867244 , 0.0634178 , 0.0355719 , 0.0251437 , 0.0158622 , 0.00816296 , 0.00399407 , 0.00340889 , 0.0028 , 0.00305333 , 0.00300296 , 0.00300148 , 
0.367557 , 0.30871 , 0.260895 , 0.194225 , 0.101301 , 0.032683 , 0.0263704 , 0.0215763 , 0.0155778 , 0.0172133 , 0.0146993 , 0.0140578 , 0.0134696 , 0.0133956 , 
0.376399 , 0.316582 , 0.272603 , 0.203191 , 0.105721 , 0.0344059 , 0.0238667 , 0.0275081 , 0.0247852 , 0.0250444 , 0.0254696 , 0.0236978 , 0.0269393 , 0.0252326 , 
