milestone, 1, 2, 3, 5, 10, 20, 30, 40, 50, 60, 70, 80, 90, 100
175666 , 179246 , 180893 , 183692 , 186981 , 188988 , 191416 , 204469 , 207091 , 207174 , 207803 , 207803 , 207902 , 207902 , 
58013.6 , 61754 , 63769.8 , 67907.6 , 73920.9 , 82941.5 , 85735.7 , 86301.5 , 86737.7 , 86793 , 87092.2 , 87189.8 , 87624.3 , 87641.5 , 
175260 , 177333 , 178936 , 181355 , 184868 , 187778 , 188870 , 201591 , 205858 , 205988 , 206254 , 206254 , 206254 , 206254 , 
218390 , 219614 , 219924 , 220577 , 221837 , 226043 , 226914 , 237103 , 238712 , 238991 , 239173 , 239262 , 239262 , 239262 , 
222847 , 223830 , 224697 , 225468 , 227075 , 231186 , 232036 , 238705 , 241092 , 241721 , 241984 , 242082 , 242123 , 242121 , 
47953.4 , 53632 , 55663.9 , 59662 , 65157.4 , 74828.2 , 77657.7 , 79035.8 , 80182.9 , 80250 , 80646.6 , 80646.6 , 81114.6 , 81114.6 , 
7983.24 , 8748.18 , 8914.18 , 9602.72 , 10068.9 , 10158.2 , 10160 , 10415.2 , 10570.6 , 10807 , 11032.1 , 11111.7 , 11216 , 11216.2 , 
41469.3 , 45911.2 , 46979.8 , 50306.9 , 55741 , 63052.1 , 65525.2 , 67074 , 67730.5 , 67929.8 , 68184.5 , 68234.1 , 68377.6 , 68380.4 , 
228414 , 229114 , 230102 , 230928 , 231632 , 236577 , 236935 , 241414 , 244200 , 244460 , 245422 , 245508 , 245508 , 245508 , 
18164.5 , 18965.4 , 19319.4 , 20325.5 , 21849.3 , 25560 , 26246.1 , 26352.6 , 26527.6 , 26527.6 , 26527.6 , 26527.6 , 26527.6 , 26527.6 , 
12492.4 , 13989.3 , 14589 , 15467.4 , 16831.3 , 18170 , 18983.8 , 19969.5 , 20465.3 , 20465.3 , 20504.1 , 20504.1 , 20545.2 , 20545.2 , 
52488.1 , 53070.7 , 53455.2 , 53927.1 , 54782.5 , 55463.9 , 56011 , 56629.1 , 57285.7 , 57560.2 , 57965.3 , 58022.2 , 58696.8 , 58752.6 , 
2524.6 , 2752.7 , 2958.28 , 3265.22 , 3537.02 , 3753.88 , 3844.08 , 4041.8 , 4088.32 , 4093.04 , 4093.04 , 4093.04 , 4093.04 , 4093.04 , 
45199.1 , 46006.4 , 46487.8 , 47125.8 , 48085 , 48653.8 , 49385 , 52050 , 53356.7 , 53493.1 , 53569.3 , 53569.3 , 53569.3 , 53569.3 , 
59607.8 , 59808 , 59977.1 , 60271.3 , 60728.6 , 62170.9 , 62345.4 , 62906.6 , 62969 , 63151.5 , 63154 , 63207.8 , 63238.9 , 63238.9 , 
27663.7 , 29546.9 , 30385.8 , 31435 , 33004.1 , 37014.7 , 37680.7 , 38325.7 , 38548.9 , 38548.9 , 38548.9 , 38548.9 , 38548.9 , 38548.9 , 
9455.52 , 10311.6 , 11042.5 , 11737 , 13290.6 , 14556.2 , 15211.9 , 15637.4 , 15876.8 , 15879.2 , 15918 , 15918 , 15948.1 , 15948.1 , 
14849.4 , 15888.7 , 16386.1 , 17260.6 , 18688.2 , 20750.9 , 21451 , 21745.3 , 21897.4 , 21912.6 , 21969.5 , 22009.1 , 22104.1 , 22110.1 , 
28223 , 29234.2 , 29778.2 , 30609.9 , 32015.1 , 35758.6 , 36475.3 , 37110.4 , 37518.1 , 37518.1 , 37519.6 , 37519.6 , 37519.6 , 37519.6 , 
76802.2 , 79260.7 , 80418 , 82004.5 , 84490.3 , 87313.4 , 88362.7 , 93196.6 , 94823.7 , 94823.7 , 94823.7 , 94823.7 , 94823.7 , 94823.7 , 
69279.1 , 72010.3 , 73290.7 , 75318.1 , 78170.6 , 82863.1 , 84750.5 , 88760.7 , 89537.2 , 89556 , 89792.1 , 89792.1 , 89792.1 , 89792.1 , 
96937.9 , 98204 , 98799.3 , 99846.9 , 101434 , 102881 , 103937 , 106050 , 107828 , 108181 , 108904 , 108971 , 110039 , 110052 , 
23685.1 , 25329.8 , 26468.7 , 28559.2 , 30963.5 , 34584.2 , 35654.4 , 36177.8 , 36447.1 , 36560.6 , 36899.4 , 36932 , 37119.3 , 37119.3 , 
98365.8 , 99766.6 , 100409 , 101214 , 102460 , 103254 , 104225 , 110382 , 111899 , 112071 , 112071 , 112071 , 112071 , 112071 , 
40283.5 , 42956.2 , 43953.2 , 46270 , 49980.3 , 58032.8 , 59432.8 , 59593.3 , 59738.8 , 59738.8 , 59885.7 , 59880 , 60040.2 , 60040.2 , 
10513 , 11692.5 , 12178.7 , 13058.7 , 14567.6 , 15306.3 , 15978.7 , 16843.6 , 17415.3 , 17478.7 , 17824.2 , 17838.9 , 17937.1 , 17942.1 , 
36984.1 , 39743.8 , 41084.1 , 43494.6 , 47323.4 , 54107 , 55242.3 , 55660.3 , 55746.2 , 55784.7 , 55839.4 , 55839.4 , 55952.4 , 55952.4 , 
40000 , 42458.5 , 43333.7 , 45616.8 , 48633.4 , 56078.9 , 57789.8 , 57876.4 , 58012 , 58012 , 58094.7 , 58094.7 , 58098.8 , 58112.6 , 
53526.1 , 56506.9 , 58596.7 , 60044.7 , 62867.5 , 69657.7 , 71137.2 , 72733.9 , 73425.2 , 73438 , 73445.9 , 73445.9 , 73445.9 , 73445.9 , 
129724 , 132796 , 133920 , 136004 , 138228 , 140786 , 142013 , 151167 , 153578 , 153578 , 153746 , 153746 , 153746 , 153746 , 
187845 , 188169 , 188340 , 188528 , 188604 , 192095 , 192095 , 192095 , 192095 , 192095 , 192095 , 192095 , 192095 , 192095 , 
77670.1 , 79923.6 , 81668.7 , 84840.7 , 88370.7 , 101750 , 103100 , 103149 , 103259 , 103259 , 103259 , 103259 , 103259 , 103259 , 
42361.8 , 45231.4 , 46313.1 , 49660.2 , 53861.3 , 61288.9 , 64370.7 , 66667.8 , 67722.5 , 67722.5 , 67850.2 , 67850.2 , 67850.2 , 67850.2 , 
56065.3 , 59059.3 , 60820.8 , 63375.2 , 66627.7 , 76429.1 , 78570 , 78894.3 , 79030 , 79108.8 , 79398.5 , 79398.5 , 79398.5 , 79398.5 , 
17375.8 , 19364.9 , 20683.7 , 22312.7 , 25408.6 , 26922.7 , 27867.4 , 30965.5 , 31690.5 , 31737.9 , 31830.1 , 31830.1 , 31830.1 , 31830.7 , 
131550 , 134078 , 135214 , 136910 , 139700 , 142300 , 143926 , 147801 , 150703 , 151113 , 151587 , 151665 , 151895 , 151906 , 
94233.4 , 97220.2 , 98432.7 , 100463 , 104362 , 115188 , 117191 , 120029 , 120748 , 120748 , 120798 , 120798 , 120867 , 120867 , 
11562.3 , 12880.8 , 13693.7 , 15274.8 , 17477 , 18944.2 , 19746.2 , 21603.3 , 22169.1 , 22273.2 , 22444.1 , 22444.1 , 22444.1 , 22444.1 , 
84755.6 , 88242 , 90192.8 , 93121.4 , 97039.4 , 107978 , 110194 , 112554 , 113630 , 113630 , 113698 , 113700 , 113700 , 113700 , 
248922 , 269104 , 275605 , 289385 , 319268 , 345595 , 356490 , 360864 , 365189 , 366859 , 368712 , 369464 , 370750 , 372063 , 
917922 , 922775 , 924160 , 928336 , 932486 , 935759 , 936827 , 954643 , 964698 , 965130 , 966428 , 967136 , 968304 , 968304 , 
181189 , 200869 , 207788 , 222147 , 246105 , 266389 , 281856 , 292428 , 300262 , 302327 , 303984 , 304254 , 305158 , 305404 , 
15652.8 , 19592.7 , 21258.6 , 23923.2 , 27484.8 , 28606.8 , 29120.4 , 31885.8 , 33307.8 , 33497 , 33756.4 , 33756.4 , 33794.3 , 33794.3 , 
47443 , 58403.5 , 63138.3 , 69960.6 , 82731.3 , 90200.6 , 97575.7 , 105145 , 107594 , 108068 , 108447 , 108629 , 108629 , 108629 , 
702316 , 717680 , 724926 , 734048 , 752723 , 757692 , 767494 , 791303 , 804417 , 806088 , 808015 , 808064 , 809828 , 809828 , 
24009.4 , 27690.8 , 29982.7 , 34470.3 , 37423.6 , 39456.3 , 40190.6 , 44581.3 , 45212.3 , 45212.3 , 45239.1 , 45288.4 , 45288.4 , 45288.4 , 
594241 , 613482 , 618821 , 631439 , 650414 , 670577 , 682299 , 705363 , 714755 , 715138 , 716472 , 716483 , 717289 , 717289 , 
697928 , 717787 , 725000 , 734032 , 750377 , 764120 , 772680 , 800658 , 810966 , 811637 , 811814 , 811814 , 811814 , 811814 , 
517441 , 538034 , 548322 , 560963 , 583734 , 618983 , 629009 , 640119 , 644804 , 644804 , 644804 , 644804 , 644804 , 644804 , 
25711.1 , 28364.8 , 29443.7 , 32555.2 , 37969.4 , 40546.3 , 44061.6 , 47321.9 , 48635.5 , 49129.6 , 49473 , 49482.9 , 49549.2 , 49549.2 , 
181322 , 185482 , 187478 , 189525 , 193717 , 196256 , 198554 , 203921 , 207389 , 207587 , 208648 , 208714 , 208901 , 208913 , 
231605 , 233116 , 233606 , 234653 , 235994 , 238286 , 239154 , 240877 , 242794 , 243049 , 244075 , 244164 , 245230 , 245244 , 
206787 , 208566 , 209820 , 212082 , 214555 , 215586 , 217343 , 225681 , 227499 , 227499 , 227499 , 227499 , 227499 , 227499 , 
163250 , 166729 , 168745 , 171754 , 176120 , 179306 , 182068 , 188923 , 191177 , 191180 , 191351 , 191351 , 191445 , 191445 , 
50006.7 , 54283.7 , 55395.8 , 60072.3 , 65339.4 , 71450 , 74495.9 , 76388.7 , 77399.6 , 77534.3 , 77833.1 , 77833.1 , 77850.4 , 77884.9 , 
35611.9 , 38208.1 , 39699 , 42306.1 , 47272.3 , 50404.2 , 53853.9 , 56280.5 , 57839.2 , 58111.6 , 58708.5 , 58993.5 , 59276 , 59361.3 , 
115429 , 120208 , 123126 , 126494 , 132068 , 143753 , 145398 , 146261 , 146787 , 146802 , 146852 , 146956 , 147045 , 147071 , 
27656.8 , 30769.3 , 33460.2 , 36426.8 , 40326.6 , 42655.6 , 45886.7 , 47629 , 48735.1 , 48874.4 , 49538.6 , 49593.1 , 50184 , 50226.3 , 
220859 , 233021 , 237064 , 244609 , 254811 , 279419 , 283106 , 283119 , 283267 , 283826 , 284353 , 284415 , 284509 , 284509 , 
315955 , 324565 , 328441 , 335532 , 345309 , 352628 , 359761 , 371873 , 377500 , 377876 , 378764 , 378764 , 378764 , 378764 , 
151566 , 159513 , 162550 , 170127 , 181556 , 200734 , 204255 , 205150 , 205961 , 206044 , 206301 , 206387 , 206505 , 206771 , 
158313 , 164675 , 170148 , 177703 , 192511 , 212224 , 216222 , 216884 , 217272 , 217478 , 218483 , 218716 , 219290 , 219290 , 
153717 , 163439 , 167356 , 177095 , 191570 , 210330 , 214742 , 215712 , 216468 , 217320 , 218618 , 218949 , 219632 , 219927 , 
470456 , 471861 , 472777 , 474293 , 475885 , 481154 , 482098 , 490110 , 493128 , 493644 , 494218 , 494293 , 494293 , 494293 , 
402826 , 406756 , 409207 , 411822 , 416409 , 418505 , 421101 , 436635 , 442009 , 442009 , 442009 , 442009 , 442009 , 442009 , 
156720 , 167245 , 172261 , 177571 , 188903 , 208390 , 211866 , 213164 , 214137 , 214306 , 214530 , 214530 , 214777 , 214791 , 
257102 , 267155 , 270826 , 277364 , 288117 , 306058 , 311250 , 316449 , 319456 , 319659 , 320031 , 320031 , 320031 , 320031 , 
57275.9 , 64243.6 , 67654.1 , 73735.6 , 83888 , 89538.7 , 95968.8 , 102325 , 106028 , 107273 , 108449 , 108501 , 109282 , 109282 , 
74743.4 , 85756.3 , 89856.7 , 98041.2 , 111794 , 120400 , 131445 , 140440 , 144377 , 145721 , 146778 , 147015 , 147571 , 147609 , 
346230 , 363397 , 371970 , 383078 , 403073 , 437429 , 442320 , 444938 , 446406 , 446412 , 446984 , 446991 , 446991 , 446991 , 
191609 , 205288 , 208658 , 219478 , 236180 , 262781 , 270288 , 271698 , 273506 , 274380 , 276151 , 276342 , 277066 , 277695 , 
29024 , 34660.3 , 38170.8 , 42822.9 , 52398.2 , 56703.8 , 60654.7 , 64207.7 , 66265.2 , 66331.3 , 66918 , 66922.6 , 67098.2 , 67098.2 , 
68643.9 , 74331.4 , 78069.7 , 86067.9 , 97288 , 104884 , 113862 , 122963 , 128019 , 129236 , 130647 , 130741 , 131112 , 131112 , 
75109.4 , 84928.8 , 88602 , 96454.6 , 109118 , 117959 , 128151 , 138788 , 143907 , 145082 , 146163 , 146312 , 146540 , 146540 , 
140839 , 152446 , 155702 , 169475 , 187006 , 199058 , 211082 , 221874 , 227496 , 228538 , 230946 , 231351 , 232800 , 232807 , 
174570 , 182298 , 190547 , 206256 , 225080 , 244439 , 254418 , 259690 , 262720 , 264670 , 267222 , 268225 , 269752 , 270049 , 
538443 , 545071 , 554319 , 563442 , 573805 , 578962 , 586050 , 611471 , 619370 , 619371 , 619371 , 619371 , 619371 , 619371 , 
435110 , 449861 , 456880 , 464959 , 480344 , 496710 , 505805 , 520197 , 526603 , 527552 , 528438 , 528438 , 528438 , 528438 , 
310543 , 319382 , 322200 , 331063 , 341151 , 355074 , 361017 , 367599 , 370683 , 371091 , 371488 , 371488 , 371488 , 371488 , 
13499.8 , 15734.3 , 16872.8 , 19307.6 , 23341.4 , 25266.7 , 27476.4 , 29900.3 , 30738.2 , 30752.5 , 30752.5 , 30752.5 , 30752.5 , 30752.5 , 
205272 , 212081 , 215943 , 223685 , 236013 , 255670 , 258765 , 258970 , 259166 , 259244 , 259422 , 259698 , 260245 , 260441 , 
384000 , 391834 , 395375 , 401025 , 411826 , 419429 , 426160 , 436859 , 441533 , 441732 , 442223 , 442223 , 442223 , 442223 , 
7820.64 , 9211.46 , 10281.5 , 11931.1 , 13463.1 , 14327.8 , 14695.6 , 15612.7 , 16099.9 , 16197.4 , 16281.7 , 16279.2 , 16278.9 , 16279 , 
175381 , 186668 , 192626 , 201332 , 216975 , 235082 , 239318 , 241167 , 242249 , 243062 , 243972 , 245039 , 246193 , 246607 , 
443422 , 451125 , 453038 , 457492 , 464706 , 467600 , 472162 , 485025 , 489201 , 489228 , 489367 , 489367 , 489561 , 489561 , 
5542.18 , 6543.74 , 7222.98 , 7753.34 , 8757.4 , 8978.1 , 9184.48 , 9828.94 , 9962.38 , 9965.18 , 9978.76 , 9986.78 , 9994.68 , 9994.68 , 
158020 , 170134 , 174537 , 183618 , 197727 , 214786 , 219119 , 220041 , 220972 , 221747 , 223013 , 224330 , 225402 , 226179 , 
938968 , 947781 , 951402 , 956849 , 968310 , 972243 , 977967 , 996234 , 1.00897e+06 , 1.00927e+06 , 1.01214e+06 , 1.01214e+06 , 1.01316e+06 , 1.01329e+06 , 
338019 , 356818 , 369189 , 388798 , 418211 , 450375 , 457637 , 460915 , 463684 , 465846 , 468510 , 470777 , 473774 , 475160 , 
49422.7 , 55989.8 , 60592.6 , 67049.9 , 79525.6 , 85524.8 , 95917 , 100004 , 103428 , 104331 , 105185 , 105561 , 105665 , 106026 , 
766892 , 788471 , 796031 , 806393 , 825598 , 834887 , 847520 , 863469 , 874144 , 875239 , 878180 , 878350 , 879334 , 879365 , 
164837 , 184031 , 189078 , 201657 , 227629 , 241830 , 260105 , 272531 , 280998 , 285284 , 291552 , 292676 , 294689 , 294700 , 
595219 , 610533 , 619464 , 630087 , 655151 , 690544 , 700445 , 707054 , 709980 , 710700 , 711936 , 711936 , 711936 , 711936 , 
592130 , 611712 , 625371 , 643255 , 668643 , 701790 , 710271 , 717881 , 722470 , 723178 , 724459 , 724495 , 724695 , 724839 , 
22540.7 , 26047 , 28984.7 , 31788.3 , 37743.6 , 40333.5 , 42701.3 , 46851.7 , 47775.6 , 47790.2 , 47937.1 , 47937.1 , 47937.1 , 47937.1 , 
629718 , 648517 , 657337 , 673381 , 696206 , 714225 , 729733 , 745323 , 752908 , 753818 , 756009 , 756009 , 756009 , 756009 , 
622678 , 645042 , 654645 , 671173 , 694483 , 722574 , 734403 , 741494 , 746966 , 748342 , 752254 , 752745 , 754570 , 755034 , 
