milestone, 1, 2, 3, 5, 10, 20, 30, 40, 50, 60, 70, 80, 90, 100
173329 , 177237 , 179314 , 183018 , 186535 , 189824 , 191619 , 199691 , 202232 , 202422 , 202733 , 202816 , 203076 , 203076 , 
56249.1 , 62043.8 , 63411.5 , 68124.2 , 73299.1 , 78794.1 , 81627.6 , 82576.5 , 83414.3 , 83916.7 , 84012.6 , 84086.4 , 84291.6 , 84319.6 , 
174077 , 176531 , 178399 , 181217 , 184019 , 186540 , 187749 , 197691 , 199889 , 200411 , 200681 , 200681 , 200889 , 200889 , 
218208 , 219829 , 220203 , 220565 , 221450 , 224739 , 225461 , 233770 , 234413 , 234518 , 234612 , 234612 , 234612 , 234612 , 
222676 , 223492 , 224481 , 225479 , 226615 , 228386 , 228935 , 234280 , 235948 , 237353 , 238006 , 238006 , 238006 , 238006 , 
47684.7 , 51364.8 , 54612.2 , 58106.1 , 65078.7 , 70624.8 , 73862.1 , 75781.7 , 76983.5 , 77188.5 , 78156.9 , 78267.1 , 78758.7 , 78766.2 , 
7071.58 , 8589.1 , 8835.36 , 9572.98 , 10012.7 , 10142.5 , 10159 , 10610.9 , 10607.9 , 10753.5 , 10798 , 10815.8 , 10814.9 , 10815.8 , 
41202.2 , 44625.7 , 45511.4 , 49079.3 , 54744.8 , 59122.9 , 61536.8 , 64900.3 , 65810.4 , 66549.5 , 66772.7 , 66902.7 , 66960.9 , 66963.8 , 
228171 , 229709 , 230145 , 230844 , 231581 , 235083 , 235271 , 238606 , 239705 , 240329 , 240950 , 240952 , 241389 , 241389 , 
17369.6 , 18622.7 , 19141.8 , 20245.2 , 21900.4 , 24224.8 , 24881.3 , 25177 , 25352.5 , 25352.5 , 25359.2 , 25359.2 , 25359.2 , 25359.2 , 
11803.2 , 13722 , 14285.4 , 15099.5 , 16621.5 , 17849.9 , 18503.1 , 19400 , 19874.1 , 19941.7 , 20058.3 , 20058.3 , 20058.3 , 20058.3 , 
52407.9 , 53137.9 , 53323 , 53725.3 , 54633.8 , 54962.7 , 55606 , 56559 , 56987.2 , 57192.3 , 57537 , 57667.7 , 57798 , 57792.9 , 
2364.38 , 2698.84 , 2897.14 , 3213.5 , 3528.68 , 3641.04 , 3691.16 , 3866.12 , 3878.82 , 3892.12 , 3898.36 , 3898.36 , 3898.36 , 3898.36 , 
45050.6 , 46033.5 , 46460.2 , 47033.9 , 47919.1 , 48699.9 , 49334.9 , 51684 , 52388.1 , 52516 , 52563.9 , 52568.8 , 52572.3 , 52572.3 , 
59607.1 , 59918.9 , 60057.3 , 60368.5 , 60789.8 , 61666.1 , 61833.8 , 62457.4 , 62555.3 , 62653.3 , 62691.3 , 62724.6 , 62738.9 , 62745.4 , 
27600.9 , 29274 , 29868.9 , 31158.1 , 32934.9 , 36232.6 , 36708.5 , 37160.6 , 37251.8 , 37281.5 , 37293.6 , 37294.8 , 37306.7 , 37309.7 , 
8958.14 , 10329.2 , 10962.7 , 11784.7 , 13037.9 , 13910.1 , 14422.8 , 15002.6 , 15189.1 , 15208.1 , 15234.6 , 15244.1 , 15325.8 , 15326.3 , 
14319.2 , 15610.5 , 16227.1 , 17060 , 18569.9 , 19807.1 , 20360.9 , 20684.5 , 20851.9 , 20967.2 , 21054.3 , 21089.1 , 21119.6 , 21120.9 , 
27996.2 , 29004 , 29427.5 , 30301.8 , 31897.2 , 35011.3 , 35608 , 35925.4 , 36112.8 , 36121.9 , 36178 , 36179.7 , 36193.2 , 36193.2 , 
76679.4 , 78475.3 , 79837.2 , 81423.3 , 83989.6 , 86292.8 , 87588.4 , 91846.2 , 92926.8 , 93018.9 , 93327.3 , 93327.3 , 93327.3 , 93327.3 , 
68407.5 , 71911.7 , 73129.5 , 74857.4 , 77826.3 , 83048.4 , 84292.7 , 86759.1 , 87257.1 , 87259.5 , 87286.6 , 87286.6 , 87289.1 , 87289.1 , 
96690.2 , 98212.6 , 98675 , 99908.7 , 101553 , 102372 , 103468 , 105583 , 106934 , 107256 , 107402 , 107609 , 107889 , 107918 , 
22083.6 , 24695.5 , 25689.3 , 27496.2 , 30409.9 , 32920.4 , 34072.4 , 35260.9 , 35799 , 36013.8 , 36153.1 , 36223.9 , 36256.3 , 36257 , 
98373.8 , 99280.6 , 99964.7 , 101157 , 102404 , 103346 , 104112 , 108896 , 109866 , 109915 , 109999 , 109999 , 109999 , 109999 , 
40075.4 , 42720.4 , 44013.3 , 46207.7 , 49659.5 , 55723.6 , 57111 , 58056.8 , 58179 , 58298.2 , 58396.4 , 58422.8 , 58499.7 , 58535.3 , 
10035.8 , 11506.9 , 12201.6 , 13083 , 14425.2 , 15119.5 , 15652.8 , 16394.1 , 16713.6 , 17031.9 , 17188.3 , 17262.7 , 17402.2 , 17404.8 , 
36950.4 , 39274 , 40878.4 , 42847.2 , 45927.8 , 52474 , 53611.1 , 54040.1 , 54149.6 , 54227.3 , 54278.9 , 54290.2 , 54403.6 , 54403.6 , 
39474.3 , 41880.3 , 42879.9 , 44614.5 , 48210.1 , 53599.7 , 54818.3 , 55523.7 , 56301.7 , 56369.5 , 56411.4 , 56411.4 , 56424.1 , 56424.1 , 
53784.8 , 56588.5 , 58186.8 , 60144.2 , 62683.9 , 69343.4 , 70721.1 , 71824.2 , 72256.9 , 72352.7 , 72363.7 , 72363.7 , 72363.7 , 72363.7 , 
130034 , 132473 , 133502 , 135369 , 137747 , 139210 , 140778 , 147921 , 150168 , 150537 , 150900 , 150900 , 150900 , 150900 , 
187777 , 188320 , 188365 , 188533 , 188613 , 192095 , 192095 , 192095 , 192095 , 192095 , 192095 , 192095 , 192095 , 192095 , 
76038 , 79022.1 , 80549.9 , 83802.7 , 87636.5 , 98192.4 , 99245.3 , 99560 , 99657 , 99680.3 , 99687.2 , 99685.5 , 99881 , 99898 , 
40183.5 , 43788.4 , 46092.5 , 48239.5 , 52776 , 58984.7 , 61273.8 , 63394.5 , 64226 , 64570.6 , 65081.4 , 65081.4 , 65081.4 , 65081.4 , 
53553.7 , 57178 , 58559.1 , 61431.7 , 65844.2 , 72825.6 , 74280.6 , 75357.1 , 75863.8 , 76106.8 , 76346.6 , 76346.6 , 76447.7 , 76453.2 , 
16122.7 , 18174.6 , 19728.1 , 21371.7 , 24571 , 26431.2 , 27354 , 29860.2 , 30272 , 30275.3 , 30348.7 , 30349.4 , 30375.8 , 30375.8 , 
130971 , 133512 , 134763 , 136993 , 139642 , 142498 , 143956 , 146667 , 147947 , 148622 , 149523 , 149769 , 150339 , 150359 , 
93164.3 , 95659.6 , 97297.3 , 100258 , 103601 , 112537 , 114285 , 115907 , 116300 , 116449 , 116545 , 116545 , 116545 , 116545 , 
11365.5 , 13103.8 , 14068.6 , 15408.1 , 17555.3 , 18600.9 , 19269.2 , 20665.7 , 20977.1 , 21132 , 21288.8 , 21288.9 , 21315.2 , 21317.1 , 
82450 , 86152.9 , 88434.1 , 91593.6 , 96149.1 , 105302 , 106724 , 109621 , 110389 , 110509 , 110682 , 110682 , 110682 , 110682 , 
239752 , 260187 , 267482 , 286005 , 317382 , 338042 , 352118 , 358667 , 364604 , 367358 , 369847 , 371410 , 373609 , 374815 , 
918494 , 921274 , 924071 , 927073 , 930333 , 937705 , 939314 , 952576 , 956124 , 958724 , 961382 , 961755 , 961752 , 961752 , 
177160 , 193189 , 202226 , 217241 , 242933 , 260503 , 277858 , 289853 , 297376 , 300268 , 303358 , 304166 , 305981 , 306163 , 
14307.4 , 17561.6 , 19536.3 , 22914.9 , 26757.1 , 28193.8 , 29016.2 , 30777.7 , 31439.5 , 31684.7 , 31727.2 , 31750.9 , 31781.3 , 31781.3 , 
52018.7 , 58336.9 , 62311 , 70488.3 , 81523.9 , 89892.3 , 96476.6 , 102773 , 105115 , 105963 , 106514 , 106514 , 106581 , 106581 , 
696979 , 713906 , 721373 , 733669 , 748585 , 754435 , 763476 , 778768 , 788408 , 792206 , 797764 , 798099 , 801294 , 801314 , 
21862.7 , 25777.7 , 28259.8 , 31997.3 , 36599.9 , 39032 , 39796.5 , 42948.4 , 43383.8 , 43729 , 43729 , 43729 , 43773.7 , 43773.7 , 
591837 , 607799 , 616994 , 630047 , 649265 , 669842 , 679568 , 692939 , 698420 , 699875 , 702021 , 702211 , 702711 , 702721 , 
698824 , 713336 , 721812 , 735550 , 748997 , 762007 , 769808 , 786269 , 792539 , 793419 , 793791 , 793791 , 793813 , 793813 , 
518631 , 538550 , 549058 , 561944 , 583499 , 617590 , 624054 , 628952 , 631065 , 631555 , 631898 , 631940 , 631955 , 631970 , 
24345.7 , 26727.2 , 29262 , 32817 , 37077.4 , 40087.6 , 43492.2 , 45862.9 , 47276.1 , 48279.6 , 49036.1 , 49101.7 , 49255.2 , 49255.2 , 
180397 , 184417 , 186470 , 188851 , 192932 , 195701 , 198038 , 201133 , 203476 , 204042 , 204791 , 204998 , 205416 , 205563 , 
231489 , 232973 , 233519 , 234747 , 236042 , 236911 , 237942 , 239580 , 240596 , 241004 , 241549 , 241762 , 242848 , 242924 , 
206007 , 209128 , 210117 , 212103 , 214409 , 215685 , 217308 , 223883 , 225683 , 225851 , 225896 , 225896 , 225896 , 225896 , 
162552 , 165789 , 168086 , 170726 , 175168 , 178610 , 181241 , 186399 , 187782 , 187879 , 188222 , 188231 , 188381 , 188381 , 
47913.4 , 52960.3 , 55389.1 , 58827.7 , 64280.4 , 68906.6 , 71975.5 , 74880.9 , 76888.4 , 77925.4 , 78564.4 , 78697.8 , 78844.9 , 78877.1 , 
33082.9 , 35548.4 , 38308.6 , 41855.3 , 46353.9 , 49376.3 , 53027.5 , 55998.5 , 57741.1 , 57909.4 , 58310.8 , 58597.6 , 58967.5 , 59051.6 , 
110563 , 117100 , 120502 , 125334 , 131677 , 141239 , 142489 , 142581 , 142825 , 142878 , 142984 , 143084 , 143273 , 143329 , 
27079.5 , 30122.3 , 31853.1 , 34632.7 , 39080.4 , 41919.8 , 45366.2 , 46943.6 , 48075.1 , 48372.1 , 48697.8 , 48848.2 , 49091.1 , 49154 , 
216591 , 230329 , 234375 , 244336 , 253070 , 272573 , 275324 , 275527 , 275983 , 276545 , 277514 , 277889 , 278253 , 278347 , 
315391 , 322284 , 326253 , 333890 , 344260 , 351403 , 357014 , 368075 , 371740 , 371787 , 371883 , 372011 , 372610 , 372689 , 
146651 , 155231 , 160440 , 169009 , 179972 , 192133 , 196750 , 198444 , 200245 , 200863 , 202612 , 203170 , 204284 , 204859 , 
152072 , 162774 , 167620 , 174570 , 188964 , 203672 , 209574 , 212782 , 215058 , 216664 , 218126 , 218473 , 218638 , 219017 , 
147305 , 159825 , 164014 , 174596 , 187498 , 203390 , 209225 , 211773 , 214330 , 215634 , 217501 , 218366 , 219281 , 219868 , 
470514 , 471973 , 473024 , 473798 , 475670 , 478461 , 479129 , 488033 , 489252 , 489692 , 489881 , 489881 , 489881 , 489881 , 
401656 , 405462 , 408641 , 412347 , 415941 , 417966 , 420062 , 432465 , 435889 , 436222 , 436424 , 436485 , 436770 , 436770 , 
155380 , 165148 , 168550 , 174701 , 186912 , 201433 , 205519 , 207247 , 208783 , 209911 , 210917 , 211102 , 211633 , 211809 , 
254521 , 261515 , 265496 , 275124 , 287769 , 304042 , 307967 , 310572 , 311606 , 312245 , 312399 , 312422 , 312592 , 312592 , 
54499.5 , 60530.6 , 65045.5 , 69636.6 , 80671.9 , 86541.3 , 93895.9 , 99607.5 , 103017 , 104945 , 106652 , 106794 , 107232 , 107235 , 
77345.3 , 85033.1 , 88898.9 , 98425.4 , 110600 , 119936 , 130817 , 138151 , 141439 , 143788 , 145693 , 145980 , 146296 , 146292 , 
346583 , 360618 , 370047 , 380688 , 398184 , 426236 , 432311 , 433443 , 434986 , 436154 , 437799 , 437971 , 439033 , 439056 , 
187281 , 198168 , 207477 , 218655 , 234968 , 256569 , 263070 , 265655 , 267553 , 269943 , 272236 , 272396 , 273826 , 273872 , 
28381.3 , 34212.6 , 37575.4 , 42629 , 50887.2 , 56135.7 , 60086 , 63369.6 , 64792.6 , 65272.4 , 65553.4 , 65681.9 , 65837.1 , 65837.1 , 
65419.6 , 72351.9 , 76590.3 , 82626.5 , 94653.4 , 103121 , 112300 , 118905 , 123880 , 125956 , 129046 , 129277 , 129712 , 129804 , 
73469.4 , 82527 , 86084.7 , 93659 , 107124 , 117422 , 127593 , 136063 , 139279 , 140044 , 142360 , 142636 , 143441 , 143445 , 
133368 , 146906 , 155113 , 165740 , 182986 , 197536 , 210320 , 216641 , 221842 , 225975 , 230144 , 231042 , 233686 , 233935 , 
169998 , 186306 , 193051 , 204820 , 221541 , 236961 , 247595 , 256526 , 261586 , 263668 , 265006 , 265281 , 266248 , 266397 , 
533194 , 545366 , 551347 , 560071 , 571930 , 577168 , 583574 , 600594 , 607521 , 608439 , 610092 , 610114 , 610633 , 610633 , 
428500 , 443878 , 450909 , 460012 , 476048 , 492036 , 499141 , 508922 , 513663 , 514470 , 515716 , 515743 , 516080 , 516080 , 
304263 , 314954 , 321100 , 329526 , 340464 , 352987 , 357238 , 360772 , 362399 , 363210 , 363860 , 363999 , 364226 , 364288 , 
11453.7 , 14456.1 , 15488.8 , 17776.8 , 21947.8 , 24901.3 , 27165.9 , 28953.9 , 29947.8 , 30155.5 , 30320.7 , 30320.9 , 30320.7 , 30323 , 
198458 , 210140 , 213958 , 222313 , 233196 , 248894 , 252262 , 253048 , 254242 , 255729 , 257242 , 257939 , 259010 , 259332 , 
379370 , 389326 , 395928 , 400374 , 409515 , 416722 , 422714 , 429948 , 434307 , 435345 , 437424 , 437501 , 437811 , 437825 , 
7123.7 , 8162.14 , 8806.42 , 10483.9 , 12931.5 , 14041.8 , 14611.9 , 15131.6 , 15346.5 , 15499.2 , 15624.8 , 15623.6 , 15658.9 , 15670.8 , 
174315 , 185884 , 190375 , 198531 , 212085 , 226119 , 232272 , 235105 , 238189 , 240656 , 243364 , 244745 , 247095 , 248082 , 
442293 , 449298 , 452678 , 457049 , 464073 , 466218 , 470603 , 479841 , 483119 , 484130 , 485794 , 485808 , 485922 , 485922 , 
5397.26 , 6169.6 , 6717.8 , 7599.78 , 8671.12 , 8943.92 , 9095.24 , 9610.1 , 9748.3 , 9768.18 , 9793.5 , 9793.66 , 9808.88 , 9807.48 , 
156791 , 166138 , 170485 , 181904 , 195698 , 209407 , 215019 , 218607 , 221411 , 223774 , 225961 , 226674 , 227493 , 227975 , 
934329 , 944088 , 950929 , 956940 , 968928 , 971652 , 976352 , 987998 , 996276 , 1.00039e+06 , 1.00383e+06 , 1.00399e+06 , 1.0052e+06 , 1.0052e+06 , 
329896 , 344903 , 358945 , 374813 , 403623 , 434166 , 443354 , 447681 , 452565 , 458261 , 463476 , 465653 , 469915 , 471271 , 
47323.2 , 55006.7 , 58741.9 , 64476.2 , 77595.3 , 84143.1 , 94031.8 , 98237.7 , 101554 , 102891 , 103519 , 104120 , 104585 , 104785 , 
771074 , 782654 , 791469 , 802370 , 820442 , 830717 , 840581 , 851085 , 858794 , 861015 , 866646 , 866919 , 868557 , 868699 , 
163123 , 179255 , 191502 , 204424 , 226710 , 242550 , 260282 , 270640 , 278924 , 284344 , 289344 , 291358 , 295977 , 296570 , 
586478 , 602807 , 611008 , 625749 , 645128 , 676115 , 683453 , 688150 , 691963 , 694381 , 697334 , 697495 , 697658 , 697760 , 
592109 , 611713 , 618261 , 634972 , 660522 , 685951 , 697091 , 705044 , 709100 , 710534 , 712816 , 713755 , 715678 , 715745 , 
20563.5 , 25424.3 , 26983.1 , 30762.9 , 36048.6 , 39369.6 , 41748.6 , 44878.9 , 46064.4 , 46252.7 , 46522.4 , 46522.4 , 46522.4 , 46522.4 , 
620661 , 636504 , 648324 , 667158 , 689485 , 710135 , 721405 , 733245 , 738605 , 739590 , 740372 , 741308 , 742886 , 743059 , 
617627 , 636608 , 647215 , 664620 , 686501 , 711307 , 722185 , 728132 , 733070 , 734471 , 736310 , 738646 , 740666 , 742019 , 
