milestone, 1, 2, 3, 5, 10, 20, 30, 40, 50, 60, 70, 80, 90, 100
178252 , 181870 , 184113 , 186046 , 188295 , 192604 , 194725 , 205126 , 207588 , 210862 , 213076 , 214991 , 217760 , 217745 , 
60977.9 , 66036.7 , 68019.8 , 71331.2 , 75485.8 , 83483.3 , 86770.7 , 90773 , 94138.9 , 94546.4 , 95793.7 , 95814 , 96507.6 , 96507.6 , 
177877 , 180674 , 181671 , 183291 , 185055 , 187825 , 188842 , 199405 , 201845 , 208393 , 211143 , 215419 , 218899 , 218934 , 
219287 , 220225 , 220713 , 221121 , 221944 , 239726 , 241314 , 243758 , 244056 , 245296 , 246123 , 247108 , 247738 , 247735 , 
223790 , 224886 , 225621 , 226425 , 227905 , 240025 , 240931 , 244825 , 245589 , 246459 , 247269 , 247508 , 247886 , 247854 , 
53624.9 , 58241.4 , 60229.6 , 62868.8 , 67437.9 , 78248.3 , 81019.8 , 84636.1 , 87285.5 , 87570.6 , 89321.2 , 89321.2 , 89734 , 89734 , 
7957.96 , 9147.54 , 9593.38 , 9910.18 , 10055.6 , 10959.4 , 11407.9 , 13175.2 , 13738.7 , 13789.8 , 13851.1 , 13851.1 , 13878.7 , 13878.7 , 
44948.9 , 48423 , 49926.6 , 52241.7 , 56200.2 , 64356.2 , 66458.1 , 69807.6 , 71931 , 72049.6 , 72291.3 , 72291.3 , 72317.6 , 72317.6 , 
229250 , 230326 , 230550 , 231057 , 231505 , 244310 , 244919 , 244940 , 245041 , 246544 , 248269 , 248759 , 250552 , 250554 , 
18621.5 , 19809.8 , 20429.9 , 21299.2 , 22282.4 , 26221.6 , 26965 , 28109.1 , 29179.9 , 29400.2 , 30088.2 , 30088.2 , 30563.7 , 30563.7 , 
13688.5 , 15292.6 , 15881.6 , 16379.5 , 17044.2 , 19449.3 , 20289.2 , 20989.1 , 21884.9 , 21918.4 , 22061.1 , 22061.1 , 22147.2 , 22147.2 , 
53135.8 , 53630.2 , 53885.5 , 54412.2 , 54867.8 , 57600.8 , 57929.7 , 58395.3 , 58799.5 , 58909.1 , 59348.8 , 59607.6 , 60295.8 , 60358 , 
2736.64 , 3071.8 , 3213.96 , 3425.04 , 3595.78 , 3944.36 , 4283.54 , 4735.64 , 4959.56 , 4975.4 , 4993.1 , 4993.1 , 5010.88 , 5010.88 , 
46246.1 , 47023.6 , 47231.8 , 47580 , 48210.9 , 49057.2 , 49871.5 , 51261.5 , 52031.3 , 53024.5 , 53482.9 , 54109.8 , 54692.8 , 54760.3 , 
59834.1 , 60129.9 , 60257.2 , 60509.5 , 60721.9 , 63807.3 , 64010 , 64339.7 , 64368.4 , 64513.6 , 64546.7 , 64612.9 , 64675.7 , 64675.7 , 
29310.5 , 30624.5 , 31467.4 , 32342.1 , 33399.1 , 37241.8 , 38051.2 , 40501.1 , 41795.6 , 42394 , 43149.7 , 43154 , 43508.5 , 43508.5 , 
10628.1 , 11633.9 , 12220.6 , 12596.3 , 13366.2 , 14925.7 , 15475.1 , 16249.9 , 17025.1 , 17022 , 17170.8 , 17171.6 , 17170.8 , 17172.1 , 
15686 , 16684.4 , 17401.4 , 18042.5 , 18921.5 , 21523.2 , 22290.5 , 23328.6 , 24091.8 , 24131.9 , 24428.9 , 24428.9 , 24439.5 , 24439.5 , 
29173.3 , 30283.5 , 30812.7 , 31654.8 , 32536.9 , 35109.1 , 36104.3 , 38594.5 , 39867 , 40061.7 , 40470.9 , 40481.7 , 40485.2 , 40485.2 , 
79129.4 , 81292.5 , 81976.3 , 83181.2 , 84816.7 , 86794.3 , 88149.9 , 92664.1 , 94367.1 , 97112.3 , 98765.5 , 99993.4 , 101085 , 101097 , 
72285 , 75443 , 76011.7 , 77173.5 , 79060.6 , 83449.7 , 85366.4 , 90933 , 93504 , 95191.7 , 96421.6 , 96421.6 , 96654 , 96654 , 
98358.8 , 99673.7 , 100159 , 101030 , 102008 , 103131 , 104346 , 108349 , 110290 , 111330 , 113064 , 113609 , 114731 , 114728 , 
24118.7 , 26778.7 , 27836.3 , 29480.4 , 31146.8 , 35895.6 , 37694.9 , 39700.9 , 41345.3 , 41401.1 , 41657.3 , 41657.3 , 41784.6 , 41784.6 , 
99680.6 , 100942 , 101324 , 101970 , 102900 , 105759 , 106788 , 108832 , 109697 , 110362 , 110984 , 112491 , 113420 , 113538 , 
43047.2 , 45368.3 , 46549.5 , 48512.4 , 50839 , 58247.6 , 60044.2 , 63018.3 , 65279.2 , 65421.3 , 66794.3 , 66794.3 , 66949.6 , 66949.6 , 
11246.1 , 12731.3 , 13296.7 , 13964.1 , 14711.1 , 17141.7 , 18066 , 19019.8 , 19696.5 , 19696.5 , 19871.3 , 19871.3 , 20106.3 , 20106.3 , 
39436.5 , 42240.1 , 43789.6 , 45308.2 , 47669 , 54663.8 , 55423 , 58471.6 , 60730.5 , 61029.2 , 62117.2 , 62117.2 , 62265.5 , 62265.5 , 
41226.1 , 44641.2 , 45404.5 , 47115.8 , 49984.5 , 57695.7 , 59190.7 , 60522.9 , 61722.4 , 61769.3 , 62191.8 , 62191.8 , 62566.3 , 62566.3 , 
56326.8 , 59067 , 59779.3 , 61886.4 , 63899.5 , 71627.2 , 73332.1 , 78358.4 , 80750.8 , 81098.6 , 81803.4 , 81953 , 82714.1 , 82714.1 , 
133482 , 135206 , 136182 , 137440 , 139112 , 141188 , 142614 , 146736 , 148699 , 153543 , 156180 , 157581 , 159725 , 159791 , 
187828 , 188336 , 188395 , 188452 , 188518 , 192165 , 192165 , 192165 , 192165 , 192165 , 192165 , 192165 , 192165 , 192165 , 
80150.6 , 83319.9 , 85301.9 , 86863.7 , 89462.8 , 104351 , 107188 , 109717 , 111112 , 111224 , 111292 , 111292 , 111292 , 111292 , 
44920.1 , 48284.4 , 49829 , 52028 , 55273.7 , 63936.1 , 66079.5 , 68534.1 , 70126.7 , 70156.7 , 71135 , 71135 , 71421 , 71421 , 
58715.2 , 62451.3 , 63679.6 , 65598.5 , 67706.4 , 79480.2 , 81760.3 , 82819.5 , 85182.6 , 85184.6 , 85797.4 , 85797.4 , 85854.7 , 85854.7 , 
19358.6 , 21741.2 , 22641.2 , 23873.9 , 25848.1 , 28868.6 , 29995.9 , 31430.8 , 32803 , 33053.6 , 33547.3 , 33547.3 , 33595 , 33595 , 
133472 , 136269 , 137523 , 139361 , 140667 , 143536 , 145174 , 150588 , 152647 , 156112 , 158344 , 158683 , 160660 , 160681 , 
96441.1 , 99907.6 , 101210 , 102900 , 105311 , 113495 , 115714 , 124463 , 127283 , 127518 , 127885 , 127885 , 127895 , 127895 , 
12549.2 , 14436.4 , 14991 , 16408.8 , 17878.4 , 20931.3 , 22358.9 , 23401.6 , 24732 , 24958.5 , 25545.5 , 25545.5 , 25606.4 , 25606.4 , 
88575.9 , 92572.5 , 93783.4 , 95857.5 , 98238.6 , 107742 , 109691 , 117544 , 120594 , 121200 , 122098 , 122119 , 122436 , 122436 , 
267103 , 287965 , 293112 , 309463 , 328890 , 350053 , 358465 , 367470 , 377338 , 384114 , 396936 , 396936 , 400603 , 400603 , 
921871 , 926027 , 928073 , 930522 , 933078 , 964077 , 966865 , 969573 , 970657 , 972619 , 973463 , 974394 , 976084 , 976096 , 
198368 , 219186 , 224925 , 234107 , 254156 , 266966 , 276342 , 285408 , 296122 , 300820 , 309309 , 310092 , 313087 , 313197 , 
19773.1 , 22777.9 , 24404.8 , 26602.2 , 28049.6 , 29495.3 , 30076.3 , 33158.3 , 35651.7 , 36036.4 , 37786 , 37786.8 , 38066.2 , 38066.2 , 
61608.4 , 71617.6 , 73874 , 79986.5 , 86604.6 , 91543.1 , 96920.1 , 102520 , 107857 , 108977 , 112534 , 112515 , 114294 , 114294 , 
719671 , 731520 , 738012 , 745381 , 754412 , 758559 , 765264 , 778696 , 783200 , 794713 , 809464 , 815225 , 823055 , 823678 , 
27613 , 32441.2 , 34445.3 , 36500.8 , 38778.8 , 39658.9 , 40308.8 , 44992.2 , 47903.1 , 48600.7 , 51126 , 51135.4 , 52274.5 , 52274.5 , 
610101 , 626075 , 632772 , 643569 , 658389 , 673711 , 681873 , 707540 , 722094 , 732323 , 744460 , 747053 , 755262 , 755262 , 
719433 , 730719 , 738196 , 744553 , 756922 , 764772 , 770967 , 784995 , 791315 , 807684 , 820363 , 822481 , 831484 , 831596 , 
544880 , 558981 , 565181 , 577556 , 590694 , 616058 , 623523 , 646491 , 659665 , 664258 , 675433 , 675949 , 676628 , 676628 , 
28367.3 , 32256.8 , 33499.2 , 35981.8 , 39501.2 , 41498.1 , 43682.2 , 45289.7 , 47057.1 , 47414.9 , 49133 , 49194.2 , 50699.6 , 50699.6 , 
186462 , 189706 , 190834 , 192272 , 194872 , 195769 , 197802 , 202291 , 204666 , 207751 , 209962 , 211220 , 214608 , 214748 , 
233186 , 234158 , 234564 , 235282 , 236381 , 245035 , 246063 , 247228 , 247673 , 247966 , 248604 , 249154 , 250055 , 250074 , 
208889 , 211206 , 212214 , 213877 , 215280 , 217411 , 219449 , 219229 , 220692 , 223164 , 224572 , 225939 , 228521 , 228933 , 
166269 , 169605 , 171281 , 173666 , 176289 , 177748 , 180419 , 185995 , 189005 , 192770 , 195984 , 196727 , 200177 , 200177 , 
55891 , 59291.7 , 60656.7 , 63513.9 , 67036.8 , 72752.8 , 74213.5 , 76653.5 , 80005.3 , 80554.9 , 83756 , 83756 , 85719.6 , 85719.6 , 
38132.5 , 41124.6 , 42730.9 , 45373.3 , 47931.5 , 51206 , 53470.6 , 55047.2 , 57440.4 , 57764.7 , 59285.5 , 59311.2 , 59539.1 , 59609.2 , 
120572 , 125116 , 127951 , 130904 , 134348 , 143438 , 145287 , 149036 , 151868 , 152181 , 152782 , 152802 , 152897 , 152929 , 
31981.1 , 34490 , 35677.1 , 38984.2 , 42214.3 , 44017.2 , 45331.2 , 47407.6 , 49342.8 , 49758.6 , 51298 , 51293 , 51731.4 , 51748.5 , 
232777 , 240513 , 245513 , 251478 , 258588 , 274534 , 279750 , 288890 , 294910 , 297601 , 301890 , 301890 , 302638 , 302638 , 
327115 , 334052 , 336725 , 341379 , 349988 , 351339 , 356658 , 367077 , 372174 , 378655 , 386443 , 387354 , 390040 , 390199 , 
156031 , 165215 , 170293 , 176269 , 184884 , 204210 , 208099 , 213181 , 220008 , 221341 , 224197 , 224207 , 225293 , 225293 , 
167439 , 177212 , 179275 , 189276 , 197700 , 210200 , 214726 , 221700 , 227734 , 229249 , 234470 , 234421 , 236312 , 236312 , 
162529 , 173444 , 179577 , 186529 , 198161 , 210381 , 214167 , 220300 , 225483 , 227114 , 235592 , 235620 , 236021 , 236039 , 
472346 , 473535 , 474138 , 475183 , 476208 , 492785 , 494487 , 497114 , 497616 , 498496 , 498826 , 499363 , 499817 , 499872 , 
407842 , 411580 , 412672 , 414431 , 417913 , 421276 , 423587 , 424720 , 426125 , 431133 , 432962 , 435159 , 436891 , 437331 , 
169117 , 175683 , 178804 , 184237 , 193514 , 208447 , 211345 , 219641 , 226129 , 229035 , 238845 , 238845 , 240821 , 240821 , 
265192 , 274701 , 278016 , 284900 , 293611 , 300514 , 306167 , 321399 , 329550 , 333681 , 339553 , 339903 , 341505 , 341505 , 
61126.3 , 70258.9 , 74579.2 , 79897.6 , 87089.5 , 92980.2 , 95731.3 , 99879.1 , 105029 , 106033 , 110576 , 110587 , 111895 , 111935 , 
90775.2 , 98117.3 , 102614 , 109004 , 119270 , 124098 , 129046 , 134469 , 140539 , 143261 , 149954 , 150153 , 154271 , 154271 , 
363912 , 376988 , 384640 , 394365 , 406446 , 437220 , 443730 , 459608 , 467830 , 470084 , 477100 , 477100 , 478210 , 478210 , 
204084 , 216560 , 223393 , 230805 , 244922 , 269227 , 274325 , 284133 , 291665 , 292760 , 294734 , 294831 , 296008 , 296109 , 
33974.6 , 40087.1 , 43011.1 , 47515.9 , 54678.5 , 56734.1 , 59668.1 , 62035.3 , 64489.7 , 65737.9 , 68820.2 , 68851 , 70336.4 , 70349.2 , 
74843.2 , 82670.9 , 87202.6 , 93494.8 , 102709 , 111160 , 115796 , 120404 , 126392 , 127111 , 133894 , 134181 , 136174 , 136174 , 
79803.9 , 92227.1 , 96106.8 , 105024 , 114865 , 121429 , 127123 , 131503 , 136576 , 139100 , 144411 , 144806 , 147349 , 147349 , 
151237 , 164412 , 169914 , 178771 , 192645 , 204146 , 209008 , 218274 , 227325 , 229197 , 239027 , 239145 , 244895 , 244901 , 
181497 , 199203 , 205634 , 217951 , 232959 , 246566 , 250002 , 257199 , 264217 , 265685 , 271424 , 271766 , 273415 , 273755 , 
549659 , 557773 , 561307 , 567084 , 577447 , 579033 , 584816 , 591362 , 596666 , 607138 , 617006 , 619908 , 628496 , 628894 , 
450886 , 463278 , 468539 , 475455 , 485386 , 494142 , 502259 , 517464 , 525188 , 537092 , 557310 , 559377 , 566235 , 566239 , 
319680 , 328516 , 331410 , 337555 , 346321 , 353663 , 359417 , 369866 , 374044 , 378684 , 384219 , 385963 , 392159 , 392159 , 
14834.9 , 18284.4 , 19723.8 , 21899.5 , 24649.2 , 24871.2 , 26836.8 , 27808.4 , 28809.6 , 29283.5 , 30810.3 , 30829.3 , 31678.7 , 31694.8 , 
214010 , 221780 , 228620 , 234595 , 243552 , 255638 , 258936 , 264677 , 269636 , 270801 , 273691 , 273767 , 275286 , 275361 , 
395212 , 402640 , 405881 , 410646 , 417343 , 418492 , 423518 , 429946 , 435569 , 439230 , 444911 , 446838 , 452992 , 453517 , 
9545.6 , 11078.5 , 11726.5 , 13045.1 , 14162.7 , 13986.6 , 14715.7 , 15466.9 , 16170.1 , 16726.9 , 17580.8 , 17608.6 , 18058.5 , 18058.5 , 
193697 , 200913 , 205274 , 214269 , 223865 , 234451 , 238259 , 243751 , 249809 , 250804 , 257114 , 257308 , 261353 , 261353 , 
450220 , 456285 , 459075 , 463247 , 467931 , 470482 , 474443 , 477295 , 479617 , 483088 , 485177 , 487783 , 493065 , 493476 , 
6686.02 , 7664.02 , 8061.78 , 8585.02 , 8898.5 , 9022.34 , 9478.14 , 10045.5 , 10653.6 , 10784 , 11209.3 , 11224.7 , 11340.5 , 11340.5 , 
172600 , 183409 , 188960 , 197638 , 207471 , 216341 , 218592 , 225014 , 230937 , 232807 , 238223 , 238492 , 244022 , 244022 , 
949536 , 957017 , 961390 , 965166 , 971685 , 985208 , 990359 , 993336 , 995648 , 999696 , 1.00234e+06 , 1.00579e+06 , 1.01425e+06 , 1.01556e+06 , 
359411 , 379783 , 390469 , 406636 , 427046 , 448393 , 453118 , 462336 , 472988 , 476810 , 488189 , 488488 , 502568 , 502568 , 
58630.8 , 64321.8 , 69626.4 , 75188 , 82485.6 , 85399 , 92830.8 , 96103.6 , 99862.6 , 100918 , 104185 , 104429 , 106234 , 106305 , 
789481 , 799682 , 807432 , 815445 , 826353 , 830690 , 841760 , 849791 , 859091 , 871257 , 880809 , 886464 , 901165 , 901458 , 
186939 , 202150 , 210000 , 221647 , 240047 , 251064 , 257559 , 263230 , 270719 , 273812 , 282777 , 283443 , 292386 , 292431 , 
616440 , 630403 , 637232 , 648464 , 663867 , 681691 , 689997 , 708218 , 724468 , 731531 , 746363 , 747946 , 755694 , 755694 , 
612688 , 633595 , 640930 , 655286 , 674127 , 689333 , 700019 , 717036 , 728928 , 735762 , 754695 , 757727 , 768373 , 768420 , 
27373 , 30690.9 , 32500.8 , 35376.2 , 39449.4 , 40051.1 , 42005.6 , 44065.6 , 45713.5 , 46506.9 , 48476.6 , 48534 , 50430.1 , 50430.1 , 
646116 , 664758 , 672504 , 685222 , 701159 , 713949 , 722272 , 743842 , 753466 , 764629 , 779741 , 782617 , 793344 , 793356 , 
647866 , 668384 , 674790 , 687190 , 701079 , 715496 , 724149 , 745310 , 757868 , 766966 , 778997 , 780277 , 787816 , 787816 , 
