milestone, 1, 2, 3, 5, 10, 20, 30, 40, 50, 60, 70, 80, 90, 100
175476 , 178844 , 181908 , 184350 , 187925 , 190118 , 191857 , 199917 , 203386 , 204068 , 204252 , 204252 , 204252 , 204252 , 
56678.9 , 60380.6 , 64105.8 , 68252.6 , 74961.2 , 80929.6 , 83296.9 , 84042.3 , 84754.2 , 85134.6 , 85327.6 , 85695.8 , 86311.3 , 86315.5 , 
175269 , 178556 , 179835 , 182185 , 184890 , 186269 , 187359 , 199113 , 202495 , 202683 , 202935 , 202935 , 202935 , 202935 , 
218270 , 219565 , 220075 , 220706 , 221645 , 224985 , 225323 , 233100 , 234893 , 234982 , 234989 , 235084 , 235175 , 235175 , 
222727 , 224214 , 224992 , 225623 , 226878 , 228298 , 228571 , 234943 , 236123 , 236761 , 237144 , 237144 , 237144 , 237144 , 
48612.3 , 53983.9 , 55989.2 , 59729.1 , 66903.6 , 74193.9 , 76608.6 , 78741 , 79616.7 , 79781.1 , 79932.2 , 79988.3 , 80045 , 80045 , 
7293.66 , 8703.1 , 9138.82 , 9740.92 , 10099.8 , 10152.3 , 10158.1 , 10442.2 , 10462.5 , 10499.3 , 10523 , 10523 , 10523 , 10523 , 
41227.1 , 45343.4 , 47709.5 , 50325.4 , 55903.7 , 60950.7 , 62555.2 , 64438.9 , 65054.1 , 65773.1 , 66161.2 , 66261.7 , 66553.8 , 66553.4 , 
228150 , 229781 , 230267 , 230957 , 231553 , 234111 , 234434 , 238561 , 240392 , 240766 , 241385 , 241741 , 241741 , 241741 , 
17399.8 , 18940.8 , 19492.2 , 20520.5 , 22158.9 , 25033.7 , 25432.9 , 25665.5 , 25726.1 , 25726.1 , 25803.5 , 25803.5 , 25803.5 , 25803.5 , 
12595.4 , 13703.5 , 14274.3 , 15541.1 , 16984.7 , 18009.6 , 18587 , 19426.3 , 19586.8 , 19634.4 , 19694.8 , 19694.9 , 19707.5 , 19707.5 , 
52675.5 , 53118.8 , 53409.4 , 53999.3 , 54918.6 , 55274.1 , 55884 , 56484.1 , 56926.5 , 57357.6 , 57673.2 , 57718.1 , 57902.7 , 57904.6 , 
2356.44 , 2721.48 , 3009.76 , 3255.36 , 3534.66 , 3647.04 , 3700.06 , 3861.56 , 3860.68 , 3866.32 , 3866.32 , 3866.32 , 3866.32 , 3866.32 , 
45530 , 46193.9 , 46694.6 , 47189.3 , 48094.8 , 48901.7 , 49434.8 , 51757.6 , 52256.2 , 52377.6 , 52377.6 , 52377.6 , 52377.6 , 52377.6 , 
59497.2 , 59955.6 , 60177.6 , 60409.4 , 60781.2 , 61928.1 , 62045.1 , 62572.3 , 62659.8 , 62773 , 62790.1 , 62808.1 , 62848.3 , 62848.3 , 
27983.7 , 29159.3 , 29963.5 , 31574 , 33309.6 , 36088.2 , 36441.8 , 36879 , 37034.2 , 37150.1 , 37155 , 37155 , 37155 , 37155 , 
9646.32 , 10556.2 , 11120.6 , 12179.4 , 13457.5 , 14132.1 , 14457.2 , 14769.3 , 14965 , 15020.8 , 15060.2 , 15073.6 , 15110.1 , 15112.9 , 
14293.2 , 15652.5 , 16312.9 , 17378.6 , 18875.1 , 19894.2 , 20265.5 , 20686.1 , 20777.9 , 20878 , 20992.5 , 21017.3 , 21039.7 , 21039.7 , 
28181.8 , 29555 , 29879.3 , 30672.7 , 32185.4 , 34830.9 , 35251.2 , 35710.4 , 35968.6 , 35982.7 , 36066.7 , 36066.7 , 36066.7 , 36066.7 , 
77884.1 , 80160.8 , 80923 , 82051.1 , 84235 , 86657.7 , 87772.5 , 91166.1 , 92011.2 , 92172.9 , 92244.2 , 92244.2 , 92244.2 , 92244.2 , 
70125.4 , 73070.7 , 74541 , 76094.8 , 78364.2 , 82132.1 , 83292.5 , 86212 , 86890.1 , 86936.5 , 87080.3 , 87080.3 , 87080.3 , 87080.3 , 
97120.1 , 98478.2 , 99207.5 , 100281 , 101731 , 102588 , 103324 , 105819 , 107021 , 107762 , 108056 , 108062 , 108285 , 108286 , 
21582.1 , 24871.3 , 25830.6 , 27813.1 , 30391 , 32670.7 , 33573.9 , 34772.4 , 35208.6 , 35428.1 , 35655.4 , 35711 , 35776.2 , 35776.2 , 
98795.4 , 100209 , 100818 , 101611 , 102617 , 103141 , 103638 , 108352 , 109079 , 109086 , 109086 , 109086 , 109086 , 109086 , 
39833 , 42497.1 , 44238.8 , 46216.5 , 50028.1 , 55711.4 , 56773.2 , 57467.1 , 57778.5 , 57822 , 57922.2 , 57922.2 , 57922.2 , 57922.2 , 
9953.74 , 11514.8 , 12154.4 , 13281.2 , 14479.5 , 15310.6 , 15787.4 , 16624.1 , 16853.8 , 16961.5 , 17006.3 , 17037.8 , 17090.6 , 17101.4 , 
36849.5 , 39227.7 , 41275.2 , 43400 , 46807.5 , 52073.8 , 53056.7 , 53700 , 53892.4 , 53910.8 , 54025.1 , 54025.1 , 54030.1 , 54030.1 , 
38294.8 , 41338.3 , 42839 , 45152.2 , 48446.2 , 53873.4 , 55110.3 , 55763.3 , 56030.3 , 56166.6 , 56193.7 , 56205 , 56238.7 , 56268.4 , 
54086.7 , 56684.6 , 58321.9 , 60461.6 , 62799.9 , 68665.8 , 69247.4 , 70050.4 , 70268.3 , 70418.7 , 70436.8 , 70436.8 , 70436.8 , 70436.8 , 
130552 , 133747 , 134756 , 136254 , 138944 , 140724 , 141628 , 148001 , 149352 , 149556 , 149628 , 149628 , 149628 , 149628 , 
188439 , 188520 , 188549 , 188588 , 188638 , 191042 , 191042 , 191113 , 191113 , 191113 , 191113 , 191113 , 191113 , 191113 , 
77433.5 , 81288.3 , 82456.1 , 84940.3 , 88770.7 , 99501.4 , 100325 , 100325 , 100325 , 100325 , 100325 , 100325 , 100325 , 100325 , 
40380.6 , 45384 , 47019.3 , 49770.7 , 53861.5 , 59726.5 , 61455.8 , 62984.6 , 63721.7 , 63983.5 , 64116 , 64206.5 , 64331.4 , 64331.4 , 
54194.5 , 58896.7 , 60785.2 , 63172.1 , 66911.7 , 73214.4 , 73956.9 , 75532.6 , 75811.7 , 75856.5 , 75945.4 , 75947.3 , 75945.4 , 75988.4 , 
16996.7 , 19368.1 , 20203 , 21943.6 , 25025.1 , 26661.8 , 27232.7 , 28982.4 , 29559.3 , 29792.9 , 29822 , 29828 , 29892.8 , 29895 , 
131048 , 133628 , 135309 , 137453 , 140129 , 142423 , 143346 , 146587 , 147719 , 148677 , 149447 , 149512 , 149882 , 149885 , 
93305.8 , 97050.3 , 98775.4 , 101207 , 104242 , 112016 , 112595 , 114117 , 114644 , 114644 , 114765 , 114765 , 114765 , 114765 , 
10751.2 , 12521 , 13477.5 , 15029.7 , 17463.9 , 18743.1 , 19327.6 , 20501.3 , 20827.7 , 21037.1 , 21083.9 , 21110.4 , 21157.4 , 21157.4 , 
84769.5 , 88198.3 , 90659.7 , 93511.5 , 96669 , 104305 , 105322 , 107960 , 108267 , 108482 , 108482 , 108482 , 108482 , 108482 , 
250032 , 270415 , 282820 , 297694 , 320957 , 340804 , 351255 , 356725 , 362676 , 364555 , 366526 , 368300 , 370368 , 370832 , 
919744 , 923874 , 925250 , 928124 , 931642 , 933485 , 934357 , 950166 , 953340 , 955205 , 956117 , 956117 , 956117 , 956117 , 
186518 , 201704 , 214069 , 227858 , 247166 , 264954 , 282078 , 292082 , 298923 , 301503 , 303010 , 304130 , 305495 , 305785 , 
16379.7 , 19471.9 , 21702.7 , 24249.1 , 27001.9 , 28204.5 , 28699 , 30335.1 , 30862.5 , 31064.1 , 31101.7 , 31101.7 , 31101.7 , 31102.6 , 
51301.7 , 59038.7 , 62526.4 , 72293.6 , 85393.2 , 92634.8 , 97734.6 , 103868 , 105179 , 105566 , 105627 , 105627 , 105627 , 105627 , 
708056 , 720179 , 726545 , 736210 , 749767 , 756797 , 763754 , 777850 , 784306 , 786444 , 789821 , 790758 , 794373 , 794401 , 
21874.4 , 27498.3 , 30158.8 , 33574.5 , 37988.7 , 39329.3 , 39779.1 , 41922.4 , 42128.1 , 42397 , 42443 , 42443 , 42443 , 42443 , 
594525 , 610849 , 620449 , 633240 , 651592 , 669172 , 677655 , 690639 , 698344 , 699588 , 705014 , 705039 , 705677 , 705677 , 
702678 , 718170 , 726078 , 735278 , 751703 , 757927 , 764745 , 784807 , 791611 , 792522 , 793712 , 793783 , 794817 , 794817 , 
524523 , 540391 , 549207 , 567126 , 583794 , 608568 , 613459 , 620972 , 623303 , 624344 , 625616 , 625616 , 626258 , 626258 , 
24192.3 , 27971.5 , 29707.6 , 33067.4 , 38022.4 , 41052.8 , 44166.1 , 46191.2 , 47492.6 , 48163.1 , 48958.3 , 49004.3 , 49034 , 49041.6 , 
182297 , 185792 , 187605 , 189980 , 193737 , 195506 , 197540 , 200092 , 201893 , 202456 , 202980 , 203147 , 203685 , 203770 , 
231972 , 233077 , 233945 , 234779 , 236400 , 236999 , 237804 , 240271 , 241343 , 241976 , 242154 , 242266 , 242448 , 242502 , 
207386 , 209491 , 210766 , 212668 , 214989 , 216026 , 217211 , 222732 , 223635 , 223724 , 223724 , 223724 , 223724 , 223724 , 
162667 , 166989 , 168575 , 171372 , 175760 , 178778 , 181038 , 185817 , 187013 , 187175 , 187216 , 187235 , 187465 , 187465 , 
48798.5 , 53240.3 , 55622.4 , 60096.6 , 65320.5 , 69806.4 , 73161.1 , 75832.2 , 76954.3 , 77715 , 78674.9 , 78755 , 78994.1 , 79020.5 , 
32806.1 , 36907.6 , 39483.7 , 42336.8 , 47035.9 , 50308.7 , 53747.5 , 56412.6 , 57869.3 , 58468.9 , 58916.6 , 58994.9 , 59101.6 , 59128.2 , 
113188 , 119437 , 122445 , 127579 , 132827 , 142044 , 143221 , 143583 , 143878 , 143976 , 144174 , 144279 , 144572 , 144627 , 
27604.8 , 31154.4 , 32630.8 , 35744.1 , 40108.3 , 42807.9 , 45631.5 , 47311 , 48304.6 , 48661.8 , 48886.1 , 49125.3 , 49358.8 , 49425.9 , 
220252 , 232968 , 236911 , 243809 , 255054 , 272982 , 275137 , 275531 , 276158 , 276434 , 276754 , 276841 , 277089 , 277162 , 
319738 , 325581 , 329317 , 337706 , 346488 , 352023 , 356767 , 366091 , 369124 , 370108 , 370614 , 370614 , 370614 , 370614 , 
149089 , 155385 , 163948 , 171320 , 181054 , 194746 , 198174 , 199833 , 201689 , 202327 , 202824 , 203099 , 203961 , 204126 , 
157942 , 167004 , 170909 , 179602 , 191985 , 206168 , 211987 , 215836 , 217822 , 219208 , 220525 , 221193 , 221713 , 221738 , 
152887 , 165397 , 170577 , 180542 , 193799 , 206554 , 211502 , 215569 , 218105 , 219410 , 220813 , 221604 , 222602 , 223024 , 
470653 , 472320 , 473063 , 474374 , 476130 , 476834 , 477487 , 484877 , 485754 , 486924 , 487311 , 487387 , 487477 , 487477 , 
402370 , 407699 , 410132 , 413130 , 416954 , 418624 , 420600 , 430725 , 433185 , 433557 , 433726 , 433726 , 433978 , 433978 , 
153568 , 166453 , 170106 , 178948 , 189139 , 204301 , 207109 , 207897 , 209655 , 210704 , 211063 , 211137 , 211286 , 211357 , 
257295 , 262751 , 267894 , 275862 , 288158 , 299801 , 304580 , 309874 , 311218 , 311842 , 312605 , 312605 , 312605 , 312605 , 
56597 , 63689.2 , 67937 , 73984.3 , 83491.9 , 89373.1 , 95744.5 , 100986 , 103693 , 104490 , 105716 , 105917 , 106155 , 106169 , 
78000.9 , 88148.6 , 92979.5 , 100353 , 113312 , 122635 , 131364 , 139179 , 142754 , 144981 , 145871 , 145990 , 146181 , 146203 , 
346040 , 362730 , 367746 , 381914 , 398640 , 423430 , 427956 , 429856 , 431627 , 432073 , 432231 , 432706 , 433523 , 433820 , 
193244 , 203730 , 210206 , 222803 , 238123 , 255911 , 263654 , 267895 , 270239 , 271141 , 272271 , 273006 , 273370 , 273505 , 
28170.6 , 34269 , 37594.6 , 42381.6 , 50877 , 56220 , 60019.6 , 62943.8 , 63727 , 64332.2 , 64539.3 , 64625.3 , 64821.4 , 64828.6 , 
65523.1 , 75774.5 , 79440.6 , 86088.9 , 95980.2 , 105643 , 114847 , 120447 , 124626 , 127605 , 129522 , 129698 , 130233 , 130238 , 
69825.1 , 79341.6 , 86721.5 , 95123.8 , 108131 , 119257 , 128406 , 135603 , 138612 , 139592 , 141745 , 141859 , 142201 , 142201 , 
133606 , 151659 , 160938 , 170576 , 187088 , 198753 , 210043 , 220487 , 226045 , 227661 , 229606 , 229980 , 230575 , 230640 , 
167928 , 185371 , 191464 , 204268 , 222563 , 237598 , 249159 , 258342 , 261242 , 263837 , 265295 , 265923 , 266454 , 266802 , 
539165 , 551030 , 554806 , 564289 , 575288 , 580432 , 585984 , 604919 , 607605 , 607605 , 607605 , 607605 , 607605 , 607605 , 
437237 , 448173 , 454320 , 465515 , 478608 , 491698 , 497022 , 508816 , 513236 , 513236 , 513407 , 513407 , 513407 , 513407 , 
308260 , 317961 , 323418 , 331355 , 341299 , 352069 , 355720 , 359338 , 361205 , 361469 , 362083 , 362284 , 362737 , 362818 , 
11894.3 , 14973.2 , 16422.9 , 19222.4 , 23048.9 , 25758 , 27503.9 , 29333.8 , 29781.5 , 29998.5 , 30119.2 , 30119.2 , 30136.3 , 30136.3 , 
200977 , 213292 , 217702 , 225607 , 236815 , 249672 , 253064 , 255141 , 256150 , 256855 , 257919 , 258399 , 258712 , 259223 , 
381956 , 392667 , 396223 , 403905 , 412611 , 417182 , 422265 , 430946 , 433854 , 434198 , 434198 , 434208 , 434239 , 434318 , 
7321.7 , 9120.18 , 10307.8 , 11378.9 , 13198.2 , 14129.3 , 14629.7 , 15153.5 , 15245 , 15394.8 , 15409.6 , 15428.7 , 15489.4 , 15482.1 , 
178734 , 188184 , 194639 , 203792 , 215198 , 227024 , 232639 , 236227 , 239755 , 242973 , 244720 , 246494 , 247983 , 248562 , 
443289 , 449260 , 451232 , 456836 , 463160 , 465292 , 469492 , 476475 , 479043 , 480326 , 480850 , 481098 , 481398 , 481412 , 
4850.42 , 6300.34 , 6914.18 , 7460.68 , 8463.14 , 8914.38 , 9053.74 , 9433.14 , 9497.94 , 9522.36 , 9544.42 , 9569.78 , 9583.56 , 9586.68 , 
158869 , 167934 , 174277 , 182848 , 193455 , 206425 , 213852 , 219428 , 223388 , 226378 , 228678 , 230872 , 232968 , 233770 , 
937186 , 946385 , 950958 , 957558 , 966492 , 969121 , 973360 , 984545 , 988665 , 989970 , 991067 , 992659 , 993564 , 993622 , 
327910 , 348397 , 361932 , 380318 , 403012 , 429444 , 440425 , 447748 , 454675 , 460512 , 465912 , 469879 , 474126 , 475483 , 
45359.1 , 52617.7 , 57874.8 , 64581.3 , 76568.5 , 85373.9 , 93706 , 98038.2 , 100603 , 102665 , 103427 , 104365 , 104990 , 105026 , 
769042 , 785171 , 791926 , 804539 , 820412 , 826156 , 835056 , 847418 , 853594 , 855835 , 858180 , 858956 , 860988 , 860904 , 
158011 , 174257 , 185512 , 198719 , 221274 , 238983 , 256643 , 267472 , 276914 , 284513 , 290137 , 293030 , 296889 , 297678 , 
590717 , 605896 , 614666 , 626726 , 645992 , 668904 , 675076 , 679515 , 682136 , 683605 , 686064 , 686816 , 688132 , 688284 , 
589216 , 610647 , 622118 , 633567 , 655918 , 674859 , 682646 , 689028 , 692672 , 695302 , 697866 , 698317 , 698858 , 699460 , 
21349.2 , 26160.5 , 28276.8 , 31653.4 , 36010.3 , 39514 , 42004.4 , 43852.1 , 44302.5 , 44739.4 , 44838.3 , 44865.8 , 44865.8 , 44865.8 , 
628366 , 645363 , 655534 , 669276 , 692522 , 708300 , 715668 , 722046 , 725663 , 728400 , 729449 , 730788 , 732050 , 732157 , 
618057 , 638985 , 648828 , 665680 , 685192 , 704665 , 712307 , 716855 , 720300 , 724043 , 726247 , 728722 , 729918 , 730693 , 
