milestone, 1, 2, 3, 5, 10, 20, 30, 40, 50, 60, 70, 80, 90, 100
175763 , 178478 , 180661 , 183604 , 187155 , 190942 , 192825 , 200595 , 202968 , 203499 , 203922 , 203917 , 203922 , 203917 , 
54915.1 , 60578.6 , 64571.5 , 68799.9 , 75126.1 , 81578.7 , 83798.6 , 84529.1 , 85350.9 , 86171.3 , 86567.7 , 86840.9 , 86893.8 , 86893.8 , 
174467 , 177573 , 179797 , 181949 , 184925 , 186403 , 187226 , 198410 , 201509 , 201606 , 201882 , 201880 , 202056 , 202056 , 
218526 , 219697 , 219882 , 220778 , 222120 , 225657 , 225944 , 233046 , 233793 , 234255 , 234528 , 234528 , 234528 , 234528 , 
223030 , 224552 , 225046 , 225864 , 227395 , 228795 , 229450 , 235665 , 236989 , 238376 , 238742 , 238742 , 238931 , 238931 , 
47473 , 52857.5 , 55597.1 , 59412.6 , 66351.2 , 73567.8 , 75803.5 , 77252.1 , 77826.3 , 78006.1 , 78224.4 , 78445.8 , 78698.4 , 78698.4 , 
7305.78 , 8326.74 , 8840.94 , 9644 , 10083.3 , 10159.4 , 10177.4 , 10423.2 , 10459.3 , 10591.4 , 10592.5 , 10611.2 , 10611.8 , 10611.2 , 
40134.7 , 43814.2 , 46569.4 , 50416.7 , 56298.2 , 61208.6 , 63343.6 , 64710.9 , 65226.9 , 66224.7 , 66475.2 , 66913.3 , 67007.1 , 67007.1 , 
228340 , 229800 , 230335 , 230744 , 231506 , 234436 , 234718 , 239123 , 240534 , 241261 , 241802 , 241888 , 241977 , 241977 , 
17364.6 , 18874.2 , 19476.2 , 20524 , 22176.5 , 25153.1 , 25723.5 , 25958 , 26048 , 26084 , 26107.5 , 26107.5 , 26107.5 , 26107.5 , 
12311.9 , 13836 , 14486.1 , 15636.2 , 16935.5 , 18137.9 , 18713.4 , 19812.3 , 20064.6 , 20105 , 20182.6 , 20182.6 , 20195.7 , 20195.7 , 
52750 , 53252.1 , 53559.5 , 54143.4 , 55015 , 55325.5 , 55845.2 , 56510.4 , 56917.8 , 57331.8 , 57631.8 , 57774.8 , 58096.7 , 58108.8 , 
2334.84 , 2671.04 , 2912.36 , 3258.08 , 3553.16 , 3627.86 , 3692.7 , 3834.08 , 3842.18 , 3844.54 , 3844.54 , 3840.72 , 3840.96 , 3841.06 , 
45200.5 , 46056.3 , 46712.1 , 47195.7 , 48202 , 48738.3 , 49295.9 , 51744.9 , 52338.6 , 52463.5 , 52534.5 , 52534.5 , 52534.5 , 52534.5 , 
59697.5 , 59956.3 , 60152.2 , 60449.4 , 60917.5 , 61629.5 , 61762.3 , 62312.3 , 62420 , 62606 , 62628.4 , 62648 , 62661.5 , 62661.5 , 
28327.6 , 29935.5 , 30963.6 , 31991.9 , 33665.2 , 36855.6 , 37417.7 , 38038.3 , 38118.5 , 38118.5 , 38120.5 , 38120.5 , 38120.5 , 38120.5 , 
9136.3 , 10366.3 , 11154.2 , 11968.4 , 13462.4 , 14337.8 , 14714.6 , 15145.8 , 15323.2 , 15369.6 , 15404.7 , 15434.3 , 15454.7 , 15454.7 , 
14690.5 , 15668.4 , 16021.1 , 17109.2 , 18728.5 , 20233.1 , 20858.9 , 21107.4 , 21177.1 , 21259.9 , 21353.5 , 21379 , 21427.9 , 21423.6 , 
28311.5 , 29344 , 29682.2 , 30800.9 , 32038.3 , 34844 , 35619.2 , 36379.1 , 36775.5 , 36782.8 , 36782.8 , 36782.8 , 36782.8 , 36782.8 , 
76995.7 , 79399.5 , 80717.4 , 82414.2 , 84760.5 , 87019.1 , 87828.5 , 92152.8 , 93845.7 , 93930.3 , 94261.4 , 94261.4 , 94302.4 , 94302.4 , 
69478.8 , 71845.8 , 73070.8 , 75352.7 , 78308.4 , 82605.1 , 84004.2 , 87156.4 , 87978.7 , 88157.2 , 88189.9 , 88189.9 , 88189.9 , 88189.9 , 
97675.6 , 98907.8 , 99439.1 , 100505 , 101709 , 102735 , 103583 , 106039 , 107061 , 107426 , 107739 , 107853 , 108309 , 108332 , 
23171.1 , 25551.2 , 26429.1 , 28452 , 31473.5 , 33632.8 , 34795.6 , 36138 , 36614.8 , 36620.6 , 36734.9 , 36781 , 36961.9 , 36961.9 , 
98525.3 , 100117 , 100769 , 101588 , 102987 , 103476 , 104173 , 109572 , 110447 , 110489 , 110489 , 110489 , 110489 , 110489 , 
39972.2 , 42783.7 , 44245.4 , 46666.7 , 50323.3 , 56708.8 , 57293.8 , 57526.3 , 57605.6 , 57749 , 57749 , 57749 , 57749 , 57749 , 
9958.2 , 11139.7 , 12037 , 12990 , 14712.2 , 15367.8 , 15879.3 , 16706 , 17032.1 , 17116.7 , 17157.7 , 17188.7 , 17253.6 , 17239.7 , 
37476.8 , 40030 , 41347.8 , 43379.2 , 47450.8 , 53928.3 , 54755.1 , 54938.2 , 55093.6 , 55152.7 , 55179.4 , 55209.6 , 55209.6 , 55209.6 , 
38760.1 , 42706.3 , 43743.8 , 46274.2 , 49318.2 , 56239.7 , 57380.9 , 57498.9 , 57605.6 , 57605.6 , 57800.7 , 57800.7 , 57800.7 , 57800.7 , 
54263.3 , 56632.3 , 58363.3 , 60188.2 , 62994.4 , 69088.5 , 70075.1 , 71504.8 , 72043 , 72121.3 , 72183.1 , 72183.1 , 72183.1 , 72183.1 , 
130679 , 133123 , 134632 , 136383 , 138744 , 140219 , 141375 , 149711 , 151073 , 151073 , 151073 , 151073 , 151073 , 151073 , 
188422 , 188469 , 188513 , 188546 , 188596 , 191528 , 191604 , 191744 , 191744 , 191744 , 191744 , 191744 , 191744 , 191744 , 
75407.3 , 79353.6 , 81395.7 , 84069.3 , 88346.8 , 99824.4 , 101005 , 101248 , 101417 , 101589 , 101819 , 101879 , 101933 , 101933 , 
41061.4 , 45403.9 , 47579.9 , 50027.3 , 54607.3 , 61396.6 , 63066.5 , 64501.9 , 65402.1 , 65496.6 , 65511.4 , 65600.2 , 65712 , 65749.4 , 
54736.9 , 58172.5 , 60281.4 , 63060.2 , 66752.6 , 75527.1 , 77391.9 , 78356.8 , 78714.2 , 78774.6 , 78826.7 , 78826.7 , 78826.7 , 78826.7 , 
17830.4 , 19222.2 , 20632.6 , 22959.6 , 25441.9 , 26949.2 , 27818.3 , 29512.8 , 30009.3 , 30203.7 , 30288.9 , 30323.9 , 30323.9 , 30323.9 , 
130162 , 133833 , 135301 , 137458 , 139950 , 141294 , 142867 , 146826 , 149067 , 149482 , 149767 , 150071 , 150578 , 150580 , 
93431.6 , 96935.4 , 98765.8 , 101215 , 104950 , 113931 , 114976 , 117235 , 118018 , 118139 , 118139 , 118139 , 118139 , 118139 , 
11815.8 , 13368.2 , 14039.6 , 15709.7 , 17729.1 , 18902.4 , 19493.3 , 21140 , 21452.2 , 21610.2 , 21635.2 , 21722.2 , 21744.5 , 21744.5 , 
85153.7 , 89104.1 , 90921.5 , 93730.2 , 97781.4 , 106977 , 108357 , 111214 , 111748 , 111752 , 111748 , 111748 , 111748 , 111748 , 
241762 , 264786 , 273414 , 294836 , 321603 , 346807 , 357401 , 362018 , 366036 , 367753 , 368957 , 369905 , 371599 , 371906 , 
919379 , 923561 , 924875 , 928816 , 932320 , 936092 , 937410 , 950376 , 956367 , 957537 , 960504 , 960508 , 960695 , 960695 , 
174919 , 198699 , 205791 , 226977 , 251518 , 269321 , 284981 , 298084 , 304928 , 306478 , 307762 , 308241 , 310059 , 310368 , 
16177.7 , 19073.5 , 20745.4 , 23294.8 , 27677.1 , 28435.7 , 29059.3 , 30857.5 , 31581.2 , 31812.6 , 31954.3 , 31954.3 , 31956 , 31956 , 
48403.6 , 55456.1 , 61468.9 , 70234.9 , 84652.3 , 91906.8 , 98153 , 105428 , 107295 , 107617 , 107738 , 107805 , 107874 , 107874 , 
708569 , 723949 , 728984 , 738716 , 753843 , 758807 , 764892 , 779251 , 790877 , 794873 , 800914 , 801516 , 804262 , 804278 , 
21351 , 26472.2 , 28728.3 , 32978.3 , 37475.9 , 39049.2 , 39932.1 , 43645.6 , 43930.7 , 43930.7 , 43930.7 , 43930.7 , 43930.7 , 43930.7 , 
595276 , 612145 , 622539 , 635507 , 656399 , 672869 , 681911 , 697759 , 706822 , 708012 , 710745 , 710745 , 711466 , 711466 , 
697418 , 710792 , 720374 , 734170 , 749435 , 757256 , 765615 , 797810 , 804789 , 805475 , 805644 , 805644 , 805644 , 805644 , 
522141 , 545039 , 554515 , 566399 , 585991 , 611345 , 617651 , 632586 , 638120 , 638237 , 638832 , 638832 , 639675 , 639675 , 
25283.2 , 28727.8 , 30021.3 , 33873 , 38754 , 41497.1 , 44783.4 , 47095.4 , 48293.6 , 48814.8 , 49230.8 , 49227 , 49255.1 , 49255.1 , 
181821 , 186137 , 188155 , 190666 , 194545 , 195680 , 197509 , 200233 , 203468 , 204106 , 205113 , 205246 , 206302 , 206394 , 
232156 , 233396 , 234010 , 235236 , 236566 , 237659 , 238298 , 240249 , 241009 , 241567 , 242575 , 242698 , 243511 , 243532 , 
207984 , 209716 , 210983 , 213117 , 215543 , 216367 , 217750 , 225024 , 226204 , 226204 , 226204 , 226204 , 226204 , 226204 , 
161911 , 166621 , 168123 , 171547 , 175712 , 178720 , 181177 , 187684 , 189500 , 189500 , 189500 , 189500 , 189500 , 189500 , 
49749.1 , 53490.1 , 56331.6 , 59845.2 , 65719.7 , 70851.4 , 73751.7 , 76125.1 , 77754 , 78203.3 , 78692.6 , 78710.8 , 78789 , 78811.9 , 
34139.7 , 39006.4 , 40360.2 , 43003.9 , 48138.5 , 50715.7 , 54020.7 , 56636.9 , 58030.9 , 58410.9 , 58825.6 , 58876.5 , 58992.6 , 59037 , 
115508 , 120271 , 122489 , 127565 , 132933 , 141688 , 143881 , 145374 , 146291 , 146305 , 146309 , 146350 , 146471 , 146471 , 
26766.5 , 29702 , 31238.2 , 35317.2 , 40325.3 , 42800.9 , 45908.1 , 47184.3 , 48428 , 48866.2 , 49420.6 , 49540.4 , 49622.5 , 49706.3 , 
220309 , 232646 , 237185 , 246162 , 256775 , 275419 , 279017 , 281988 , 283169 , 283169 , 283169 , 283169 , 283169 , 283170 , 
318844 , 326929 , 330564 , 337937 , 346818 , 351720 , 358100 , 370978 , 374282 , 374613 , 374933 , 374933 , 374933 , 374933 , 
148584 , 157142 , 164092 , 170240 , 182524 , 198536 , 202073 , 203607 , 204528 , 204600 , 204706 , 204921 , 205089 , 205342 , 
153681 , 163652 , 167799 , 176834 , 191928 , 211501 , 216010 , 217495 , 217883 , 218049 , 218346 , 218588 , 219114 , 219207 , 
156119 , 166972 , 171959 , 179708 , 194686 , 211954 , 216053 , 217242 , 218161 , 218529 , 218824 , 219264 , 220005 , 220104 , 
470625 , 471927 , 472672 , 473958 , 475653 , 477635 , 478458 , 486590 , 489263 , 490302 , 490903 , 490903 , 490903 , 490903 , 
404647 , 408323 , 410236 , 413055 , 416980 , 418875 , 421256 , 435564 , 438679 , 438680 , 438692 , 438693 , 439020 , 439020 , 
159040 , 165622 , 169783 , 177563 , 190487 , 207500 , 211544 , 212649 , 213517 , 213813 , 213910 , 213988 , 214586 , 214588 , 
252407 , 262988 , 268706 , 276782 , 289761 , 301479 , 307213 , 314604 , 317773 , 318160 , 318331 , 318331 , 318589 , 318589 , 
54844.1 , 63741 , 66901.5 , 74811.2 , 84157.5 , 89852 , 96710.1 , 102206 , 105659 , 107302 , 108402 , 108417 , 108414 , 108423 , 
74922.4 , 85044.6 , 92989.2 , 100355 , 114900 , 122852 , 133565 , 140774 , 144859 , 146628 , 148550 , 148544 , 148614 , 148614 , 
352351 , 372090 , 375962 , 388706 , 406681 , 433345 , 438554 , 441604 , 444000 , 444414 , 444789 , 444914 , 445441 , 445441 , 
192739 , 204699 , 211283 , 222472 , 239508 , 263786 , 269806 , 272936 , 275237 , 275691 , 276113 , 276713 , 277881 , 277919 , 
27804.8 , 33959.6 , 38386.9 , 43999.1 , 53413.4 , 57063.5 , 60593.7 , 64241.8 , 65337.2 , 65514.9 , 65685.5 , 65730.8 , 65805.2 , 65806.9 , 
66738.7 , 74475.3 , 79128.6 , 86879.8 , 100500 , 107480 , 117043 , 125207 , 128972 , 131135 , 133228 , 133228 , 133488 , 133560 , 
74550.4 , 84964.7 , 88540.9 , 97055.9 , 112091 , 120718 , 130460 , 139094 , 143870 , 144081 , 144699 , 144699 , 144762 , 144762 , 
139011 , 152033 , 159279 , 171610 , 189369 , 203180 , 213595 , 222342 , 226586 , 228213 , 231408 , 231562 , 232722 , 232794 , 
174008 , 185239 , 192557 , 206047 , 224680 , 241629 , 252457 , 259315 , 262990 , 265886 , 268209 , 268626 , 269689 , 269788 , 
539262 , 548566 , 555619 , 562671 , 575534 , 581326 , 587419 , 609848 , 615695 , 616008 , 616128 , 616128 , 616128 , 616128 , 
433066 , 446742 , 453474 , 463518 , 480366 , 493007 , 501546 , 518410 , 524209 , 524209 , 525471 , 525471 , 525471 , 525471 , 
308697 , 317798 , 322589 , 330772 , 342087 , 352890 , 358604 , 365467 , 368426 , 369080 , 369620 , 369661 , 370087 , 370202 , 
12625.1 , 15012 , 16616.8 , 18771.4 , 23333.1 , 25653.9 , 27695 , 29721.2 , 30306.4 , 30582.1 , 30638.6 , 30650.8 , 30668.8 , 30668.8 , 
201577 , 212665 , 216990 , 225469 , 238296 , 257307 , 260337 , 260666 , 260666 , 260803 , 260903 , 261140 , 261516 , 261697 , 
390918 , 398180 , 403576 , 411517 , 424193 , 429805 , 436197 , 443857 , 447893 , 449834 , 451093 , 451159 , 451159 , 451159 , 
8035.46 , 9904.56 , 10544.3 , 12149.4 , 14051.7 , 14462.3 , 14739.5 , 15575.7 , 15747.3 , 15790.8 , 15783.7 , 15785.1 , 15802.6 , 15802.6 , 
179132 , 192368 , 197557 , 206536 , 224232 , 240282 , 244796 , 249538 , 251942 , 252805 , 253913 , 254358 , 254942 , 254954 , 
446784 , 453999 , 459033 , 465089 , 473259 , 475348 , 479861 , 490269 , 492610 , 494556 , 495150 , 495150 , 495206 , 495206 , 
5683.24 , 6868.1 , 7378.1 , 8192.68 , 9019.58 , 9110.1 , 9242.42 , 9440.92 , 9478.46 , 9494.92 , 9542.96 , 9555.36 , 9573.32 , 9573.32 , 
162917 , 174720 , 180100 , 190792 , 208335 , 224887 , 228419 , 231947 , 233463 , 234071 , 235045 , 235050 , 235222 , 235222 , 
944209 , 954330 , 960029 , 968650 , 980279 , 983629 , 988837 , 1.0126e+06 , 1.01762e+06 , 1.01847e+06 , 1.01859e+06 , 1.01859e+06 , 1.01874e+06 , 1.01874e+06 , 
336657 , 360444 , 374493 , 392850 , 427786 , 460116 , 468338 , 474653 , 478219 , 479280 , 481031 , 481155 , 481431 , 481431 , 
47696.2 , 56570 , 60668 , 69915 , 83231.5 , 89754.9 , 99771.9 , 104360 , 107050 , 108985 , 110117 , 110197 , 110335 , 110335 , 
782840 , 795072 , 801415 , 813812 , 836785 , 847733 , 860354 , 877678 , 886179 , 892544 , 896165 , 896737 , 897264 , 897264 , 
168171 , 184398 , 196667 , 210883 , 241894 , 255850 , 277516 , 286688 , 294817 , 300479 , 306293 , 307640 , 309598 , 309758 , 
594803 , 614068 , 625296 , 644738 , 670852 , 701287 , 709031 , 714528 , 718401 , 719597 , 722047 , 722162 , 722396 , 722396 , 
598719 , 620927 , 632173 , 653576 , 681123 , 703660 , 715887 , 724090 , 730839 , 735393 , 738302 , 738626 , 739186 , 739186 , 
23539.6 , 26650.6 , 29737.8 , 33423 , 39340.1 , 41413 , 43071.7 , 45230.9 , 45836.5 , 46143.3 , 46225.5 , 46225.5 , 46234.3 , 46235.8 , 
628400 , 647705 , 661538 , 681848 , 709117 , 729041 , 743720 , 754729 , 761717 , 767000 , 769670 , 769823 , 770360 , 770360 , 
628651 , 650512 , 659768 , 678081 , 707145 , 732558 , 742515 , 751613 , 756954 , 761404 , 765345 , 765339 , 766037 , 766037 , 
