milestone, 1, 2, 3, 5, 10, 20, 30, 40, 50, 60, 70, 80, 90, 100
174993 , 181053 , 183535 , 187108 , 190990 , 192468 , 192751 , 192865 , 192918 , 192951 , 193017 , 193016 , 192986 , 192993 , 
55307.8 , 61585.8 , 65254.1 , 69732.6 , 76743.8 , 81102.3 , 81577.2 , 81760.2 , 81837.1 , 81846 , 81892.6 , 81890.6 , 81888.8 , 81887.9 , 
175253 , 178891 , 181016 , 183655 , 187047 , 189276 , 189691 , 189874 , 189939 , 190037 , 190024 , 190028 , 190049 , 190123 , 
218845 , 220541 , 221045 , 222060 , 223630 , 224863 , 225104 , 225212 , 225246 , 225251 , 225261 , 225262 , 225327 , 225411 , 
223589 , 224857 , 225349 , 227610 , 228855 , 229733 , 229861 , 229884 , 229902 , 229898 , 229920 , 229946 , 229924 , 229952 , 
47856.9 , 53822.7 , 56353.7 , 61826.6 , 68819.4 , 73182.2 , 74046.5 , 74174 , 74186.5 , 74195.6 , 74196.2 , 74186.4 , 74193.6 , 74190.8 , 
7108.42 , 8649.54 , 9204.16 , 9870.64 , 10110.6 , 10158.7 , 10158.4 , 10160.2 , 10158.9 , 10157.3 , 10158 , 10156.7 , 10156.7 , 10156.4 , 
40926.4 , 44928.4 , 47356.6 , 51489.8 , 57927.5 , 61572.6 , 62296.1 , 62375.4 , 62378.5 , 62382.7 , 62391 , 62421 , 62430.4 , 62432.3 , 
228977 , 230508 , 231224 , 231622 , 232175 , 232389 , 232461 , 232498 , 232506 , 232568 , 232575 , 232600 , 232580 , 232599 , 
18026.3 , 19789.6 , 20444.6 , 21463.8 , 23239 , 24359 , 24609 , 24726.5 , 24751.9 , 24765.6 , 24775.7 , 24787.3 , 24817.2 , 24813.4 , 
12768.7 , 14158.2 , 14875.6 , 16048.8 , 17628.7 , 18223.3 , 18387 , 18414 , 18434.3 , 18440.5 , 18445 , 18445.4 , 18452.6 , 18452.5 , 
53129.5 , 53972.7 , 54350.4 , 55134.1 , 56090.6 , 56424.1 , 56465.2 , 56470.2 , 56487.7 , 56487.9 , 56486.4 , 56496.1 , 56498 , 56498.1 , 
2346.62 , 2804.56 , 3050.52 , 3313.38 , 3625.98 , 3688.9 , 3700.24 , 3706.06 , 3705.24 , 3704.94 , 3704.94 , 3704.94 , 3704.94 , 3704.94 , 
45728.7 , 46867.1 , 47478.4 , 48408.4 , 49284.2 , 49876.8 , 50087.3 , 50147.4 , 50199.7 , 50236.9 , 50228.3 , 50227.1 , 50263.4 , 50253.9 , 
60014.3 , 60406 , 60627.8 , 61037.5 , 61375.9 , 61445.2 , 61477.5 , 61481.1 , 61488.3 , 61488.3 , 61488.3 , 61488.3 , 61488.3 , 61488.3 , 
28812.4 , 30586.7 , 31476.2 , 32709.8 , 34667 , 35684.9 , 35972.9 , 36042.1 , 36087.2 , 36091.8 , 36115.6 , 36125.2 , 36118.8 , 36135.6 , 
9334.9 , 10463.1 , 11197.9 , 12394.9 , 13768.3 , 14422.2 , 14537.7 , 14555 , 14569.2 , 14576.2 , 14583.7 , 14584.1 , 14594.7 , 14595.7 , 
14574.5 , 16114.7 , 16549.2 , 17667.2 , 19264.8 , 20073.7 , 20257.5 , 20292.7 , 20304.4 , 20313.7 , 20320.5 , 20330.7 , 20320 , 20319.1 , 
28749.5 , 29727.8 , 30336.8 , 31819.2 , 33527.4 , 34755.3 , 35101.5 , 35175.3 , 35208.5 , 35211.3 , 35223.7 , 35220.5 , 35222.1 , 35234.5 , 
77423.7 , 80260.1 , 81784 , 83977.7 , 86660.5 , 87907.2 , 88206.6 , 88279.9 , 88333.9 , 88386 , 88365.1 , 88400.9 , 88399.2 , 88392.4 , 
71071 , 74013.9 , 75462.3 , 77711.7 , 80999.1 , 82982.6 , 83356.7 , 83506.3 , 83582.5 , 83600.5 , 83614.8 , 83624.7 , 83638.7 , 83643.1 , 
97764.1 , 99828.5 , 100498 , 101989 , 103768 , 104473 , 104618 , 104675 , 104694 , 104707 , 104711 , 104717 , 104701 , 104722 , 
23025.1 , 25340.1 , 26799.2 , 29026 , 32180.1 , 33435.1 , 33667.6 , 33727.9 , 33760.6 , 33782.1 , 33782.1 , 33809.4 , 33803.1 , 33816.2 , 
99027.5 , 101231 , 102132 , 103249 , 104965 , 105612 , 105836 , 105831 , 105859 , 105862 , 105863 , 105866 , 105866 , 105877 , 
39393 , 42996.6 , 44807.7 , 48033.6 , 52311.6 , 55317.1 , 55977 , 56194.9 , 56226.9 , 56262 , 56311.1 , 56307.8 , 56314 , 56309.6 , 
10379.9 , 11830.2 , 12434 , 13647.3 , 14974.8 , 15837.9 , 15977 , 16008.5 , 16017.7 , 16014.1 , 16033.4 , 16035.9 , 16039.9 , 16047 , 
36925.1 , 40984.8 , 42039.6 , 44627.8 , 48681.8 , 51637.4 , 52383.2 , 52608.3 , 52687.6 , 52679.4 , 52683 , 52695.3 , 52703.4 , 52700.6 , 
39113.6 , 42802.8 , 44901.2 , 47298.7 , 50946.2 , 53257.5 , 53817.7 , 53964.3 , 54095.1 , 54121.7 , 54145.4 , 54158.9 , 54166.7 , 54182.4 , 
54238.5 , 57346.6 , 58853.9 , 61811.6 , 65258 , 67681.5 , 68399.5 , 68617.5 , 68673.8 , 68687.1 , 68700 , 68739 , 68738.3 , 68744.2 , 
131089 , 134974 , 136646 , 138661 , 141512 , 143119 , 143420 , 143483 , 143510 , 143532 , 143569 , 143583 , 143614 , 143611 , 
188706 , 188712 , 188787 , 188874 , 188870 , 188787 , 188728 , 188724 , 188724 , 188705 , 188705 , 188705 , 188705 , 188705 , 
77667.2 , 81503.2 , 83163.5 , 86558.6 , 90895 , 93849.7 , 94451.5 , 94687.5 , 94725.7 , 94807 , 94787.2 , 94819.5 , 94859 , 94872.3 , 
40802.3 , 44893.1 , 47241.3 , 50982.9 , 56895.6 , 60435.9 , 61539.7 , 61955.2 , 62037.6 , 62040.4 , 62065.9 , 62065.9 , 62067 , 62071.1 , 
56472.2 , 59491.6 , 61844.4 , 64299 , 68709.5 , 71148.6 , 71697.6 , 71877.5 , 71972.1 , 72012.3 , 72010.7 , 72033.5 , 72074.8 , 72055.6 , 
16935.6 , 19663.7 , 20982.9 , 23129.4 , 26225.4 , 27406.3 , 27550.9 , 27573.6 , 27587.8 , 27594.4 , 27594.5 , 27593.2 , 27597.2 , 27602.6 , 
131942 , 135743 , 137234 , 139798 , 142814 , 144650 , 144876 , 144908 , 144933 , 144938 , 144939 , 144931 , 144945 , 144943 , 
94792.8 , 98014 , 99727.1 , 103344 , 107374 , 109935 , 110380 , 110594 , 110655 , 110660 , 110719 , 110741 , 110778 , 110807 , 
11086.5 , 13212.5 , 14068 , 15954.6 , 18260.7 , 19243.8 , 19391.9 , 19452.8 , 19468.9 , 19473 , 19476.6 , 19482.1 , 19487.6 , 19486 , 
85280.4 , 89196.5 , 91319.2 , 94971.2 , 100467 , 102865 , 103710 , 103923 , 103975 , 104064 , 104082 , 104098 , 104103 , 104118 , 
246841 , 266694 , 277418 , 301825 , 330057 , 359625 , 370752 , 375558 , 377290 , 377652 , 377885 , 377975 , 378020 , 378052 , 
922067 , 928070 , 929912 , 933595 , 935455 , 936088 , 936339 , 936473 , 936550 , 936609 , 936647 , 936692 , 936713 , 936678 , 
180590 , 205604 , 215086 , 228680 , 257844 , 285078 , 297084 , 301594 , 302212 , 302392 , 302459 , 302566 , 302619 , 302622 , 
15860 , 19799.8 , 21232.8 , 24278.4 , 28128.4 , 29108.3 , 29179.3 , 29170.2 , 29168.1 , 29178.1 , 29180.3 , 29182.5 , 29182.9 , 29185 , 
49057.7 , 59490.4 , 66253 , 74062.5 , 87974.4 , 98377.4 , 100325 , 100620 , 100742 , 100739 , 100798 , 100799 , 100796 , 100794 , 
704731 , 723700 , 732757 , 745487 , 763716 , 777586 , 779854 , 781160 , 782061 , 782390 , 782487 , 782555 , 782646 , 782786 , 
22772.2 , 27215.2 , 30744 , 34122 , 38697.2 , 40079.6 , 40269.1 , 40383.4 , 40507.7 , 40614.5 , 40665.8 , 40676.4 , 40670.5 , 40676.2 , 
601161 , 617126 , 625069 , 643373 , 667742 , 687462 , 692745 , 695249 , 696177 , 696858 , 697171 , 697408 , 697615 , 697703 , 
702591 , 719049 , 729730 , 744986 , 764725 , 776787 , 779952 , 780721 , 781250 , 781438 , 781549 , 781632 , 781686 , 781668 , 
523340 , 546491 , 557112 , 573175 , 597085 , 615915 , 621514 , 623265 , 624075 , 624647 , 624972 , 625244 , 625349 , 625359 , 
24200.5 , 28311.6 , 29914.9 , 33637.2 , 39976.1 , 45144.9 , 47186.1 , 47796.8 , 48047.1 , 48101.4 , 48147.8 , 48172.8 , 48187.8 , 48197.9 , 
183783 , 188327 , 189787 , 193402 , 198329 , 201846 , 203073 , 203643 , 203854 , 204029 , 204094 , 204110 , 204131 , 204163 , 
232560 , 234390 , 235516 , 236830 , 238381 , 239057 , 239223 , 239287 , 239319 , 239312 , 239294 , 239344 , 239352 , 239366 , 
208074 , 210568 , 212648 , 215372 , 218409 , 220525 , 221333 , 221640 , 221860 , 221925 , 221953 , 221996 , 222032 , 222051 , 
163323 , 168543 , 170230 , 174330 , 180582 , 184457 , 185779 , 186291 , 186569 , 186677 , 186773 , 186826 , 186839 , 186838 , 
50274.1 , 55825.7 , 58607.7 , 61923.3 , 68929 , 75183.6 , 77909.7 , 79028.9 , 79478.8 , 79730.7 , 79869 , 79915.7 , 79946 , 80003.7 , 
34224.6 , 37688.3 , 40681.7 , 43899.5 , 49862.3 , 55380.2 , 57381.8 , 58074.1 , 58360.1 , 58494.8 , 58563.9 , 58592.7 , 58648.8 , 58674.2 , 
115198 , 120788 , 122828 , 129317 , 137133 , 143699 , 146351 , 147783 , 148351 , 148566 , 148700 , 148780 , 148809 , 148835 , 
27175.7 , 31223.5 , 32706.8 , 36125.3 , 41749.8 , 46357.5 , 48236.3 , 48827.2 , 49009.3 , 49075.3 , 49121 , 49130.1 , 49130.8 , 49131.9 , 
222382 , 231726 , 237187 , 247488 , 261531 , 274341 , 279710 , 281918 , 282659 , 283131 , 283353 , 283441 , 283567 , 283589 , 
318057 , 327765 , 333524 , 343178 , 354043 , 364599 , 368147 , 369402 , 369799 , 370275 , 370378 , 370448 , 370453 , 370538 , 
150964 , 160070 , 163797 , 171857 , 185854 , 199696 , 205438 , 207841 , 208984 , 209593 , 209922 , 210120 , 210256 , 210341 , 
157889 , 168919 , 174706 , 184600 , 200575 , 215482 , 222247 , 224997 , 225859 , 226384 , 226544 , 226666 , 226693 , 226718 , 
150738 , 165551 , 172210 , 182935 , 199318 , 214869 , 221839 , 225345 , 226796 , 227316 , 227512 , 227654 , 227697 , 227734 , 
471480 , 473866 , 475045 , 476642 , 478146 , 478872 , 479035 , 479146 , 479228 , 479221 , 479228 , 479289 , 479264 , 479243 , 
403806 , 410366 , 413327 , 416990 , 422052 , 425014 , 425651 , 425833 , 425995 , 426067 , 426119 , 426163 , 426188 , 426225 , 
156611 , 165938 , 169675 , 180131 , 195859 , 208503 , 214841 , 217474 , 218709 , 219462 , 219888 , 220019 , 220088 , 220082 , 
258802 , 267862 , 273239 , 283347 , 298266 , 309869 , 313671 , 315350 , 316248 , 316547 , 316712 , 316912 , 317004 , 317023 , 
58096.3 , 63960 , 68096 , 75663.1 , 86969.4 , 98166.2 , 102580 , 103757 , 104196 , 104282 , 104389 , 104434 , 104454 , 104466 , 
80040.7 , 91164.8 , 93700.3 , 104815 , 120216 , 134693 , 140237 , 141608 , 142049 , 142278 , 142395 , 142444 , 142455 , 142473 , 
356105 , 369967 , 381072 , 393963 , 415277 , 431047 , 437402 , 439773 , 440831 , 441258 , 441364 , 441533 , 441651 , 441693 , 
190867 , 206196 , 214584 , 226719 , 246819 , 268014 , 278127 , 282318 , 284245 , 284980 , 285447 , 285573 , 285742 , 285774 , 
29468.2 , 34282.5 , 37700.6 , 42908.4 , 53683.1 , 60299.1 , 61375.1 , 61516.7 , 61635.3 , 61699.5 , 61723.1 , 61737.9 , 61748.6 , 61760.2 , 
68585.4 , 78338.2 , 82436 , 88032.3 , 104407 , 118065 , 124435 , 126629 , 127404 , 127603 , 127748 , 127772 , 127798 , 127783 , 
74220 , 86326.9 , 90885 , 101041 , 116806 , 131577 , 136024 , 137005 , 137404 , 137541 , 137621 , 137643 , 137641 , 137669 , 
133199 , 154227 , 162193 , 175343 , 196225 , 216288 , 224432 , 226825 , 227791 , 228146 , 228382 , 228573 , 228629 , 228671 , 
166326 , 185471 , 193553 , 211125 , 232607 , 255840 , 263802 , 266203 , 267131 , 267509 , 267783 , 267936 , 268029 , 268090 , 
539791 , 556015 , 561670 , 570691 , 584376 , 594223 , 596201 , 596899 , 597355 , 597676 , 597868 , 598072 , 598107 , 598114 , 
435360 , 451844 , 458165 , 472064 , 492468 , 506704 , 511887 , 513799 , 514663 , 515168 , 515411 , 515465 , 515752 , 515825 , 
312674 , 321033 , 326242 , 336233 , 351885 , 365964 , 373446 , 377721 , 379890 , 381107 , 381927 , 382171 , 382348 , 382411 , 
12941.4 , 15982.6 , 17529.9 , 20443.1 , 25183.9 , 28185 , 28768.6 , 28849.6 , 28866.6 , 28875.4 , 28894.6 , 28902.9 , 28902.7 , 28909 , 
202097 , 213873 , 218614 , 228153 , 244440 , 259929 , 268731 , 274144 , 277329 , 278937 , 279887 , 280346 , 280643 , 280874 , 
390918 , 398180 , 403576 , 411517 , 424193 , 434752 , 439476 , 441695 , 442770 , 443204 , 443442 , 443662 , 443742 , 443808 , 
8035.46 , 9904.56 , 10544.3 , 12149.4 , 14051.7 , 14746 , 14810 , 14806.7 , 14815.6 , 14825.8 , 14820.4 , 14835.8 , 14843.7 , 14834.2 , 
179132 , 192368 , 197557 , 206536 , 224232 , 242246 , 253549 , 260272 , 264487 , 266723 , 267964 , 268592 , 268848 , 269009 , 
446784 , 453999 , 459033 , 465089 , 473259 , 479701 , 482273 , 483429 , 483921 , 484200 , 484366 , 484374 , 484501 , 484513 , 
5683.24 , 6868.1 , 7378.1 , 8192.68 , 9019.58 , 9248.34 , 9261.46 , 9259.4 , 9267.36 , 9268.02 , 9265.08 , 9266.88 , 9265 , 9270.46 , 
162917 , 174720 , 180100 , 190792 , 208335 , 226830 , 237332 , 243260 , 246505 , 248063 , 249075 , 249546 , 249700 , 249805 , 
944209 , 954330 , 960029 , 968650 , 980279 , 988259 , 990537 , 991641 , 992202 , 992571 , 992893 , 992999 , 993187 , 993287 , 
336657 , 360444 , 374493 , 392850 , 427786 , 464172 , 482548 , 495619 , 504010 , 508302 , 510044 , 511141 , 511639 , 511903 , 
47696.2 , 56570 , 60668 , 69915 , 83231.5 , 96988.7 , 102541 , 104262 , 104720 , 104977 , 105030 , 105110 , 105142 , 105172 , 
782840 , 795072 , 801415 , 813812 , 836785 , 857078 , 865480 , 869149 , 871292 , 872572 , 873086 , 873501 , 873508 , 873792 , 
168171 , 184398 , 196667 , 210883 , 241894 , 270105 , 287446 , 297651 , 302395 , 304429 , 305707 , 306139 , 306323 , 306423 , 
594803 , 614068 , 625296 , 644738 , 670852 , 699122 , 710557 , 717579 , 721622 , 723910 , 724748 , 725331 , 725859 , 726063 , 
598719 , 620927 , 632173 , 653576 , 681123 , 708007 , 717347 , 723403 , 726460 , 729119 , 730094 , 730467 , 730844 , 731213 , 
23539.6 , 26650.6 , 29737.8 , 33423 , 39340.1 , 42856.4 , 43233.1 , 43329 , 43388.1 , 43400.8 , 43396.1 , 43398.4 , 43396.4 , 43397.7 , 
628400 , 647705 , 661538 , 681848 , 709117 , 737657 , 751333 , 757995 , 761627 , 763315 , 764116 , 764918 , 765084 , 765415 , 
628651 , 650512 , 659768 , 678081 , 707145 , 733369 , 747003 , 752488 , 755180 , 756570 , 757424 , 757894 , 758120 , 758388 , 
