milestone, 1, 2, 3, 5, 10, 20, 30, 40, 50, 60, 70, 80, 90, 100
179761 , 183986 , 186356 , 188906 , 192146 , 194752 , 195136 , 204767 , 204849 , 204849 , 204849 , 204849 , 204849 , 204849 , 
62595.6 , 66821.3 , 68663 , 74034.5 , 79391.7 , 83915.1 , 84841.4 , 88546.5 , 88546.5 , 88546.5 , 88546.5 , 88546.5 , 88546.5 , 88546.5 , 
178582 , 181885 , 183699 , 185645 , 188688 , 190062 , 190730 , 202541 , 202541 , 202638 , 202638 , 202638 , 202638 , 202638 , 
219702 , 221190 , 221711 , 222378 , 224018 , 226090 , 226208 , 234070 , 234162 , 234615 , 234615 , 234615 , 234615 , 234615 , 
224561 , 226399 , 227225 , 228513 , 229699 , 230416 , 230568 , 239799 , 239792 , 240176 , 240176 , 240364 , 240364 , 240364 , 
54130 , 58728.2 , 61419.2 , 65657.5 , 71992.4 , 76821.7 , 78275.8 , 82395.7 , 82446 , 82501.1 , 82501.1 , 82501.1 , 82501.1 , 82501.1 , 
8208.74 , 9352.9 , 9732.58 , 10043.4 , 10159.9 , 10235.5 , 10242.7 , 11568.9 , 11570.7 , 11607.5 , 11607.5 , 11607.5 , 11607.5 , 11607.5 , 
45288.3 , 50034.5 , 52708.5 , 56018.9 , 60375.5 , 63474.1 , 64784.3 , 68394 , 68541.2 , 68637.1 , 68637.1 , 68637.1 , 68637.1 , 68637.1 , 
229857 , 231320 , 231777 , 232094 , 232410 , 232587 , 232659 , 239278 , 239456 , 240966 , 240966 , 240966 , 240966 , 240966 , 
19108.1 , 20851.9 , 21665.1 , 22487.7 , 24088.3 , 26810.2 , 27052.2 , 27434.4 , 27444.3 , 27454.7 , 27454.7 , 27454.7 , 27454.7 , 27454.7 , 
14448.3 , 15616.9 , 16120.8 , 17236 , 18108.4 , 18916.9 , 19320.1 , 20483.8 , 20525.8 , 20581 , 20581 , 20581 , 20581 , 20581 , 
53652 , 54741.3 , 55193.5 , 55812.9 , 56374.2 , 56416.4 , 56507 , 58060.9 , 58060.9 , 58060.9 , 58060.9 , 58060.9 , 58060.9 , 58060.9 , 
2855.84 , 3258.42 , 3388.06 , 3580.22 , 3694.5 , 3696.1 , 3711.32 , 3949.64 , 3961.52 , 3961.52 , 3961.52 , 3961.52 , 3961.52 , 3961.52 , 
46386 , 47648.4 , 48159.9 , 48953.9 , 49838.6 , 50149 , 50387.9 , 52649 , 52671.5 , 52724.8 , 52724.8 , 52724.8 , 52724.8 , 52724.8 , 
60242 , 60854.4 , 61021.3 , 61302.8 , 61487.9 , 61921.4 , 61921.4 , 62164.8 , 62164.8 , 62164.8 , 62164.8 , 62164.8 , 62164.8 , 62164.8 , 
29951.7 , 31480.9 , 32100.9 , 33694.7 , 35240.9 , 38746.9 , 38847.9 , 39357.1 , 39357.1 , 39357.1 , 39357.1 , 39357.1 , 39357.1 , 39357.1 , 
10411.8 , 11973.8 , 12553.6 , 13328.2 , 14294.1 , 14687.9 , 14838.1 , 15830.9 , 15908.4 , 15908.4 , 15908.4 , 15908.4 , 15908.4 , 15908.4 , 
15776 , 17179.4 , 17834 , 18747.3 , 19979 , 21161.4 , 21421.9 , 22227.6 , 22227.6 , 22254.3 , 22254.3 , 22254.3 , 22260.4 , 22260.4 , 
29512.3 , 30957.3 , 31839.4 , 32963.9 , 34475.1 , 36907.2 , 37078.1 , 37914.9 , 37930.1 , 37940.7 , 37965.7 , 37965.7 , 37965.7 , 37965.7 , 
79621.3 , 82312.1 , 83591.9 , 85593 , 87597.3 , 89507.2 , 89951.1 , 95081.6 , 95301.3 , 95334.3 , 95334.3 , 95334.3 , 95334.3 , 95334.3 , 
72787.1 , 76133 , 77366.3 , 79699.9 , 82493.8 , 87748.8 , 88012 , 90085.4 , 90212.1 , 90284 , 90284 , 90284 , 90284 , 90284 , 
99056.1 , 100876 , 101885 , 103454 , 104490 , 104592 , 104728 , 110491 , 110580 , 110580 , 110580 , 110580 , 110580 , 110580 , 
25879 , 28115.5 , 29293 , 31402.1 , 33237.4 , 35418.5 , 35845 , 37625.7 , 37651.8 , 37651.8 , 37651.8 , 37651.8 , 37651.8 , 37651.8 , 
100351 , 101907 , 102694 , 104001 , 105538 , 105723 , 105893 , 109390 , 109572 , 109701 , 109747 , 109843 , 109934 , 109934 , 
43528.6 , 46956.1 , 48557.9 , 51259.4 , 54887.8 , 61086.5 , 61649.8 , 62106.4 , 62106.4 , 62106.4 , 62106.4 , 62106.4 , 62106.4 , 62106.4 , 
12043.2 , 13168.6 , 13679.7 , 14538.3 , 15668.7 , 16769 , 17263.1 , 18075.2 , 18106.2 , 18106.2 , 18106.2 , 18106.2 , 18106.2 , 18112.2 , 
40510.9 , 43081.7 , 44888.7 , 47304.8 , 50907.7 , 56818.3 , 57268.7 , 58096.6 , 58096.6 , 58096.6 , 58096.6 , 58096.6 , 58096.6 , 58096.6 , 
42237.5 , 45267.7 , 46716.1 , 49392.8 , 52543.7 , 57967.9 , 58963 , 59717.5 , 59717.5 , 59717.5 , 59717.5 , 59717.5 , 59717.5 , 59717.5 , 
57298.6 , 60514.8 , 62096 , 64105.2 , 66825.8 , 74034.5 , 74262.5 , 75094.2 , 75094.2 , 75094.2 , 75094.2 , 75094.2 , 75094.2 , 75094.2 , 
133613 , 136735 , 138022 , 140243 , 142363 , 142795 , 143275 , 151634 , 151688 , 151688 , 151688 , 151688 , 151688 , 151688 , 
188298 , 188728 , 188911 , 189052 , 189079 , 191712 , 191712 , 191712 , 191712 , 191712 , 191712 , 191712 , 191712 , 191712 , 
81076.2 , 84987.6 , 86423.1 , 89530.9 , 93276 , 105391 , 105696 , 106633 , 106694 , 106694 , 106694 , 106694 , 106694 , 106694 , 
44625.1 , 48617.1 , 51214.8 , 54996.1 , 59481.4 , 64119.5 , 65848.8 , 68746 , 68875.5 , 68875.5 , 68875.5 , 68875.5 , 68875.5 , 68875.5 , 
60218 , 63289.2 , 64610.7 , 67035 , 70435.4 , 79710.2 , 80500 , 81764.5 , 81858.2 , 81858.2 , 81858.2 , 81858.2 , 81858.2 , 81858.2 , 
20839.9 , 22527.3 , 23273 , 25090.2 , 27083.6 , 27975.2 , 28278.2 , 31153.9 , 31238.9 , 31260.5 , 31260.5 , 31321 , 31321 , 31321 , 
134624 , 137807 , 139370 , 141419 , 143867 , 145239 , 145695 , 153156 , 153221 , 153221 , 153221 , 153221 , 153221 , 153221 , 
96931.3 , 100250 , 101823 , 105054 , 108671 , 117271 , 117959 , 121361 , 121423 , 121482 , 121482 , 121482 , 121482 , 121482 , 
13322.9 , 15444 , 16186.7 , 17780.4 , 19153.3 , 19348.6 , 19602.2 , 21576.7 , 21596.1 , 21596.1 , 21596.1 , 21596.1 , 21596.1 , 21596.1 , 
88965 , 93445.3 , 95064.7 , 97985.2 , 102073 , 112330 , 112629 , 114809 , 114809 , 114925 , 114925 , 114925 , 114925 , 114925 , 
272024 , 292462 , 305653 , 324939 , 347852 , 370222 , 381693 , 391764 , 394624 , 397722 , 398223 , 398223 , 398223 , 398223 , 
924367 , 930428 , 932828 , 934667 , 936080 , 936340 , 936589 , 957801 , 957992 , 958550 , 958550 , 958550 , 958550 , 958550 , 
205120 , 222298 , 232082 , 246971 , 277234 , 291824 , 302315 , 316468 , 320617 , 322178 , 322822 , 322822 , 322822 , 322822 , 
19357.7 , 22984.9 , 24735.3 , 26986.5 , 28881 , 29119.7 , 29202.9 , 31863.4 , 32107.5 , 32252.3 , 32252.3 , 32252.3 , 32252.3 , 32252.3 , 
60717.2 , 70343.7 , 75127.9 , 82814.9 , 94479.5 , 97853.6 , 100621 , 105013 , 105312 , 105668 , 105668 , 105668 , 105668 , 105668 , 
719925 , 735388 , 743542 , 755686 , 772918 , 776661 , 779041 , 814223 , 816041 , 816754 , 816754 , 816754 , 816754 , 816754 , 
28025.1 , 31853.5 , 33976.6 , 37010.8 , 39624.4 , 40182.7 , 40508.5 , 43647.7 , 43647.7 , 43647.7 , 43647.7 , 43647.7 , 43647.7 , 43647.7 , 
611748 , 633408 , 643971 , 658771 , 680406 , 699086 , 704769 , 724297 , 728721 , 731209 , 731369 , 731369 , 731369 , 731369 , 
724670 , 738193 , 745166 , 757256 , 771417 , 777172 , 781634 , 812306 , 814053 , 814223 , 814223 , 814223 , 814223 , 814223 , 
540716 , 564207 , 575339 , 588951 , 608361 , 639488 , 643657 , 656707 , 658867 , 659507 , 659507 , 659673 , 659673 , 659673 , 
30131 , 33187.5 , 34724.2 , 39178.1 , 43851.3 , 45777.7 , 48012 , 49592.6 , 50149.1 , 50881.8 , 50991.1 , 50992.3 , 51009.7 , 51009.7 , 
185614 , 190537 , 192890 , 196074 , 200503 , 201932 , 203828 , 210690 , 211496 , 211571 , 211571 , 211571 , 211571 , 211571 , 
233901 , 235776 , 236631 , 237856 , 239027 , 239171 , 239423 , 245356 , 245388 , 245388 , 245388 , 245388 , 245388 , 245388 , 
209918 , 213121 , 214476 , 217028 , 219920 , 220553 , 221523 , 227636 , 227923 , 227964 , 228003 , 228003 , 228003 , 228003 , 
167590 , 171924 , 174414 , 178555 , 183549 , 186332 , 187721 , 194542 , 195375 , 195619 , 195619 , 195628 , 195628 , 195628 , 
56441.5 , 60394.9 , 62937.1 , 66986.5 , 73677.7 , 78003.5 , 80315.4 , 82458.4 , 83452.1 , 84583.9 , 84753.8 , 84753.8 , 84753.8 , 84753.8 , 
39204.1 , 42587.3 , 44679.7 , 48448 , 53534.1 , 56099.2 , 58745.6 , 61078.3 , 61942.8 , 62615.3 , 62808.3 , 62819.5 , 62819.5 , 62819.5 , 
120655 , 126572 , 129770 , 133855 , 141243 , 153159 , 153502 , 153599 , 153623 , 153852 , 153867 , 153867 , 153867 , 153867 , 
32244.2 , 36126.6 , 38026.6 , 40885.8 , 45564.9 , 46734.8 , 48859 , 51256.1 , 51833.1 , 52432.5 , 52445.3 , 52445.3 , 52445.3 , 52445.3 , 
233236 , 242464 , 248107 , 256653 , 270664 , 292810 , 294331 , 295734 , 295943 , 295943 , 295943 , 295943 , 295943 , 295943 , 
325248 , 336699 , 341769 , 350747 , 360750 , 370064 , 374044 , 383364 , 386129 , 387136 , 387216 , 387216 , 387216 , 387216 , 
160760 , 167764 , 173885 , 182208 , 197370 , 212435 , 215239 , 219099 , 219971 , 220689 , 220738 , 220738 , 220738 , 220738 , 
168833 , 176990 , 183132 , 193938 , 210080 , 228103 , 230273 , 231618 , 232545 , 232909 , 232970 , 232970 , 232970 , 232970 , 
168183 , 178659 , 185445 , 195457 , 210177 , 228097 , 230862 , 233076 , 233866 , 235042 , 235239 , 235239 , 235239 , 235239 , 
472874 , 475547 , 476527 , 478082 , 478936 , 479681 , 479856 , 490261 , 490261 , 490691 , 490691 , 490691 , 490691 , 490691 , 
407719 , 413058 , 415537 , 419691 , 424155 , 425288 , 426080 , 440852 , 441212 , 441462 , 441462 , 441462 , 441462 , 441462 , 
166808 , 177778 , 183490 , 192209 , 205454 , 223846 , 226489 , 229333 , 229820 , 230192 , 230192 , 230192 , 230193 , 230193 , 
269514 , 277230 , 283767 , 291927 , 304355 , 326521 , 328549 , 330045 , 330812 , 332421 , 332652 , 332652 , 332652 , 332652 , 
65679.5 , 74201.5 , 79038 , 86407.6 , 95210.2 , 99744.6 , 104449 , 109968 , 111875 , 113072 , 113072 , 113075 , 113075 , 113075 , 
92829.7 , 101005 , 106577 , 113136 , 129282 , 135772 , 141795 , 149510 , 151220 , 152379 , 152379 , 152379 , 152379 , 152379 , 
366789 , 384984 , 391612 , 405724 , 423058 , 458331 , 461003 , 463650 , 464411 , 465361 , 465460 , 465460 , 465460 , 465460 , 
206955 , 219896 , 228192 , 240280 , 259850 , 287584 , 292985 , 297973 , 299011 , 299458 , 299458 , 299458 , 299458 , 299458 , 
37417.8 , 43337.9 , 46205.8 , 52455.2 , 59135.5 , 61062 , 61787.3 , 66172.8 , 66448.3 , 66526.5 , 66613.2 , 66613.2 , 66613.2 , 66613.2 , 
76830.8 , 83852.8 , 89349.3 , 98838.7 , 113254 , 119850 , 126615 , 134155 , 136588 , 138105 , 138231 , 138309 , 138309 , 138309 , 
89698.7 , 99640.2 , 105544 , 114307 , 128031 , 132000 , 137130 , 145748 , 147849 , 149168 , 149232 , 149232 , 149232 , 149232 , 
157395 , 167407 , 175379 , 188155 , 210384 , 219960 , 228846 , 237403 , 241815 , 244911 , 245579 , 245579 , 245579 , 245579 , 
195583 , 208896 , 218363 , 229913 , 250450 , 264127 , 271284 , 282220 , 285026 , 286018 , 286119 , 286119 , 286119 , 286119 , 
551397 , 562001 , 567759 , 579608 , 591656 , 595720 , 598548 , 622230 , 623141 , 623141 , 623141 , 623141 , 623141 , 623141 , 
449178 , 462048 , 469411 , 482293 , 499175 , 524704 , 527802 , 536944 , 539664 , 540422 , 540669 , 540669 , 540669 , 540669 , 
321897 , 332302 , 337275 , 347675 , 362352 , 376146 , 380328 , 382875 , 385325 , 387468 , 387912 , 388143 , 388200 , 388200 , 
15981.7 , 18621.8 , 20630.7 , 23559.4 , 27311.2 , 28079.4 , 28863.3 , 30859.7 , 31115.8 , 31156.4 , 31156.4 , 31156.4 , 31156.4 , 31156.4 , 
214818 , 226410 , 231521 , 240593 , 255404 , 274742 , 276837 , 277872 , 278149 , 278650 , 278757 , 278808 , 278808 , 278808 , 
397074 , 407457 , 411687 , 418989 , 431446 , 435863 , 441556 , 450920 , 455322 , 457555 , 458015 , 458071 , 458071 , 458071 , 
10229.3 , 12060.9 , 12957.5 , 13819.3 , 14675.6 , 14867.8 , 15003.1 , 15990.3 , 16027.5 , 16051.2 , 16051.2 , 16051.2 , 16051.2 , 16051.2 , 
191185 , 202553 , 209967 , 220566 , 237953 , 255549 , 260274 , 262104 , 263307 , 265119 , 265562 , 265761 , 265934 , 265934 , 
454197 , 460474 , 464492 , 470347 , 478019 , 479802 , 483029 , 493766 , 495324 , 496578 , 496701 , 496701 , 496704 , 496704 , 
6831.84 , 7784.68 , 8235.46 , 8691.58 , 9185.08 , 9275.78 , 9348.36 , 9839.96 , 9847 , 9870.78 , 9874.06 , 9874.06 , 9874.06 , 9874.06 , 
174354 , 186082 , 192629 , 203818 , 220317 , 236943 , 241831 , 243563 , 244430 , 245809 , 246371 , 246521 , 246617 , 246617 , 
950362 , 960345 , 965675 , 973800 , 984335 , 987148 , 991338 , 1.01855e+06 , 1.02269e+06 , 1.02296e+06 , 1.02296e+06 , 1.02296e+06 , 1.02296e+06 , 1.02296e+06 , 
362871 , 387639 , 398623 , 417743 , 452612 , 485954 , 493665 , 498146 , 500126 , 502009 , 503301 , 503403 , 503403 , 503403 , 
58551.8 , 68194.9 , 71561.2 , 79582.5 , 93484.1 , 98630.5 , 104261 , 109405 , 110804 , 111764 , 111899 , 111941 , 111941 , 111941 , 
791668 , 809775 , 816069 , 829097 , 849191 , 858250 , 868841 , 889046 , 896784 , 900216 , 900348 , 900348 , 900348 , 900348 , 
184432 , 206370 , 218148 , 234101 , 261518 , 274865 , 295031 , 302540 , 308460 , 314824 , 318381 , 319323 , 319870 , 319870 , 
614798 , 636360 , 647212 , 663725 , 687522 , 721749 , 728396 , 733733 , 736243 , 740164 , 740812 , 741170 , 741364 , 741364 , 
619173 , 643341 , 655413 , 674929 , 701664 , 729190 , 733579 , 738830 , 741276 , 743487 , 745092 , 745092 , 745092 , 745092 , 
27576.3 , 32481.8 , 34952.7 , 38066.1 , 42002.8 , 43018.7 , 43586.8 , 46860.4 , 46861.4 , 46883.3 , 46883.3 , 46883.3 , 46883.3 , 46883.3 , 
646039 , 671177 , 681854 , 700277 , 728445 , 756953 , 767218 , 775136 , 779618 , 784298 , 786025 , 786025 , 786025 , 786025 , 
651594 , 673366 , 684314 , 701333 , 725794 , 749087 , 758493 , 766340 , 770574 , 778362 , 780134 , 781312 , 781417 , 781417 , 
