milestone, 1, 2, 3, 5, 10, 20, 30, 40, 50, 60, 70, 80, 90, 100
179793 , 184650 , 187042 , 189785 , 192355 , 193292 , 193493 , 203729 , 203811 , 203811 , 203811 , 203811 , 203811 , 203811 , 
61789.7 , 67055.5 , 70005.8 , 74166.3 , 79851.4 , 83174.3 , 84137.4 , 88382.3 , 88498.2 , 88498.2 , 88498.2 , 88498.2 , 88498.2 , 88498.2 , 
177816 , 181561 , 183165 , 185502 , 188227 , 190597 , 191129 , 201291 , 201396 , 201480 , 201480 , 201480 , 201480 , 201480 , 
219685 , 220536 , 221354 , 222928 , 224217 , 225412 , 225648 , 232886 , 233365 , 233837 , 233837 , 233837 , 233837 , 233837 , 
224701 , 226515 , 227421 , 228529 , 229508 , 230198 , 230270 , 237430 , 237612 , 237803 , 237803 , 237803 , 237803 , 237803 , 
53538 , 58874.3 , 62293.5 , 66501.5 , 72104.1 , 75533.8 , 76258.8 , 79922.5 , 80200.1 , 80200.1 , 80200.1 , 80200.1 , 80200.1 , 80200.1 , 
8700.38 , 9528.16 , 9769.36 , 10009.1 , 10150.5 , 10168.4 , 10181 , 11309.3 , 11309.3 , 11309.3 , 11309.3 , 11309.3 , 11309.3 , 11309.3 , 
46035.9 , 49716.4 , 52563.5 , 56009 , 60242.7 , 62421.4 , 63517.9 , 67927.7 , 68180.1 , 68369.2 , 68369.2 , 68369.2 , 68369.2 , 68369.2 , 
230359 , 231432 , 231733 , 232084 , 232358 , 232545 , 232648 , 238103 , 238196 , 239628 , 239628 , 240244 , 240340 , 240340 , 
19351.6 , 20637.6 , 21380.4 , 22633.7 , 24003.2 , 26489.4 , 26852.5 , 27114.8 , 27184.1 , 27184.1 , 27184.1 , 27184.1 , 27184.1 , 27184.1 , 
14288.1 , 15702.5 , 16331.3 , 17213.9 , 18090.8 , 18823.5 , 19035 , 20206 , 20288.2 , 20288.2 , 20288.2 , 20288.2 , 20288.2 , 20288.2 , 
53701.1 , 54637.6 , 55212.3 , 55845.5 , 56377.2 , 56419.2 , 56501.2 , 57494 , 57583.9 , 57664 , 57725.1 , 57725.1 , 57725.1 , 57725.1 , 
2885.22 , 3267.08 , 3440.66 , 3595.74 , 3684.68 , 3726.92 , 3746.2 , 3895.88 , 3904.76 , 3916.32 , 3916.32 , 3916.32 , 3916.32 , 3916.32 , 
46671.7 , 47566.8 , 48148.5 , 48983.4 , 49722.4 , 50256.9 , 50539.6 , 52514.2 , 52589.7 , 52640.8 , 52642.1 , 52664.3 , 52664.3 , 52664.3 , 
60231.8 , 60662.7 , 60994.7 , 61282.3 , 61468.6 , 61827.8 , 61830.6 , 61906.4 , 61906.4 , 61906.4 , 61906.4 , 61906.4 , 61906.4 , 61906.4 , 
29413.4 , 31629.8 , 32501.7 , 33864.2 , 35418.5 , 38292.6 , 38430.5 , 38943.3 , 38943.3 , 38943.3 , 38943.3 , 38943.3 , 38943.3 , 38943.3 , 
10669.3 , 11969 , 12600.9 , 13427.8 , 14320.7 , 14657.7 , 14792.8 , 15652 , 15678.9 , 15678.9 , 15678.9 , 15678.9 , 15678.9 , 15678.9 , 
15877.2 , 17120.6 , 17824.9 , 18735 , 19865.1 , 20939.5 , 21232.9 , 21978.9 , 22042.9 , 22072.8 , 22062.4 , 22062.4 , 22062.4 , 22062.4 , 
29693.1 , 31019.3 , 31539.5 , 32946.7 , 34512.2 , 37177.9 , 37262.4 , 37721.7 , 37743.9 , 37743.9 , 37743.9 , 37743.9 , 37764.9 , 37764.9 , 
79452.6 , 82677.4 , 84176.3 , 86043.7 , 87728.4 , 89588.3 , 89791 , 93711.5 , 93909.6 , 94024.7 , 94024.7 , 94024.7 , 94024.7 , 94024.7 , 
72518.1 , 75879.5 , 77529.4 , 79753.1 , 82451.1 , 86695.2 , 86949.1 , 88702.3 , 88705.3 , 88706.3 , 88778.9 , 88778.9 , 88778.9 , 88778.9 , 
99063.8 , 100747 , 101427 , 103120 , 104320 , 104760 , 104977 , 110442 , 110493 , 110493 , 110493 , 110536 , 110536 , 110536 , 
25602.7 , 28132.4 , 29407.7 , 31132.4 , 33110.9 , 34628.9 , 35001.2 , 37043 , 37078.9 , 37142.9 , 37170.2 , 37170.2 , 37170.2 , 37170.2 , 
100354 , 101761 , 102576 , 104224 , 105471 , 105712 , 105866 , 108677 , 108724 , 108811 , 108811 , 108811 , 108811 , 108811 , 
43942.8 , 46889.9 , 48790 , 51178.9 , 54746.3 , 60800.9 , 61220 , 62042.7 , 62042.7 , 62042.7 , 62042.7 , 62042.7 , 62042.7 , 62042.7 , 
12237.8 , 13359.5 , 14090 , 14847.4 , 15772.6 , 16240.1 , 16435.1 , 17326.1 , 17402.3 , 17438.3 , 17438.3 , 17457.1 , 17457.1 , 17457.1 , 
40020.4 , 43153.5 , 45328.4 , 47763.1 , 50904.3 , 55991 , 56529.1 , 57148.6 , 57220.7 , 57220.7 , 57220.7 , 57220.7 , 57220.7 , 57220.7 , 
43598.2 , 46243.4 , 47422.1 , 49854.3 , 52841.3 , 56938.3 , 57400.6 , 58515.2 , 58767.8 , 58767.8 , 58767.8 , 58767.8 , 58767.8 , 58767.8 , 
56614.2 , 60087.2 , 61888.7 , 64319.8 , 66825.8 , 72818.5 , 73245.5 , 74048.4 , 74048.4 , 74199.5 , 74199.5 , 74199.5 , 74199.5 , 74199.5 , 
133060 , 136565 , 138006 , 140017 , 142472 , 143288 , 143599 , 150862 , 150970 , 151144 , 151213 , 151213 , 151213 , 151213 , 
188260 , 188783 , 188836 , 189014 , 189099 , 191703 , 191703 , 191703 , 191703 , 191703 , 191703 , 191703 , 191703 , 191703 , 
82258 , 84714.6 , 86119.3 , 89319.1 , 92848 , 103544 , 103604 , 104153 , 104153 , 104153 , 104153 , 104153 , 104153 , 104153 , 
45729.2 , 50302.3 , 51833.9 , 55325 , 59436.5 , 63317.7 , 64836 , 67343 , 67611.5 , 67623.8 , 67623.8 , 67623.8 , 67623.8 , 67623.8 , 
59310.4 , 62841.2 , 64131.6 , 66837.8 , 70376.3 , 77671.6 , 78507.1 , 79819.7 , 79819.7 , 79819.7 , 79819.7 , 79819.7 , 79819.7 , 79819.7 , 
20387.2 , 22464.6 , 23635.9 , 25450.7 , 27308.8 , 27486.8 , 27624.5 , 30141.7 , 30170.1 , 30170.1 , 30170.1 , 30170.6 , 30203.6 , 30203.6 , 
134850 , 137548 , 139166 , 141402 , 143925 , 144567 , 144905 , 152141 , 152331 , 152331 , 152331 , 152331 , 152331 , 152331 , 
96432.2 , 100347 , 102042 , 105179 , 108528 , 119173 , 119404 , 120938 , 120938 , 120938 , 120938 , 120938 , 120938 , 120938 , 
13520.9 , 15381.8 , 16273.3 , 17520.1 , 19018.3 , 19525.9 , 19673 , 21564 , 21632.9 , 21632.9 , 21632.9 , 21633.6 , 21678.3 , 21678.3 , 
89933.5 , 93511.5 , 95366.4 , 98270.7 , 102055 , 109876 , 110125 , 112430 , 112434 , 112434 , 112434 , 112662 , 112717 , 112717 , 
270106 , 291895 , 303756 , 321589 , 349439 , 365632 , 376640 , 387255 , 390944 , 396065 , 396441 , 396441 , 396441 , 396441 , 
925312 , 930443 , 933140 , 935032 , 936056 , 936341 , 936639 , 956659 , 956846 , 957029 , 957029 , 957029 , 957029 , 957029 , 
201203 , 224132 , 236411 , 253675 , 279673 , 289761 , 301028 , 311630 , 313730 , 317660 , 318213 , 318305 , 318305 , 318305 , 
20781 , 23738 , 25009 , 27522.3 , 28913.6 , 29138 , 29230.7 , 31235.4 , 31379.1 , 31449.4 , 31519.7 , 31519.7 , 31519.7 , 31519.7 , 
61586.9 , 71005.1 , 75517.6 , 83680.9 , 95038.9 , 98589.5 , 100623 , 105330 , 105789 , 105965 , 105965 , 105965 , 105965 , 105965 , 
718520 , 737888 , 746163 , 757684 , 771876 , 776991 , 780597 , 809498 , 813368 , 814619 , 815161 , 815161 , 815161 , 815161 , 
28871.5 , 33217.1 , 35550.8 , 37881.5 , 39862.5 , 40379.3 , 40710.9 , 42731.4 , 42772.8 , 42811.8 , 42811.8 , 42811.8 , 42811.8 , 42811.8 , 
612603 , 632121 , 642091 , 660573 , 679983 , 692114 , 698974 , 721967 , 727938 , 729428 , 729756 , 729939 , 729939 , 729939 , 
719809 , 739208 , 745863 , 757044 , 771693 , 776813 , 780768 , 814712 , 817563 , 817563 , 817563 , 817563 , 817563 , 817563 , 
549528 , 570177 , 578763 , 591621 , 610209 , 643817 , 646277 , 656369 , 657773 , 657773 , 657773 , 657773 , 657773 , 657773 , 
29782.6 , 34045.5 , 35515.7 , 39178.5 , 43919.2 , 45476.6 , 47832.2 , 49289.5 , 49783.7 , 50616 , 50741 , 50759.5 , 50759.5 , 50759.5 , 
187053 , 191564 , 193684 , 196883 , 200848 , 202412 , 203850 , 210156 , 210822 , 210938 , 210979 , 210979 , 210980 , 210991 , 
233799 , 235793 , 236514 , 237827 , 239102 , 239212 , 239399 , 244578 , 244736 , 244736 , 244736 , 244736 , 244736 , 244736 , 
210898 , 213552 , 214860 , 217348 , 219899 , 220624 , 221552 , 227306 , 227545 , 227639 , 227639 , 227639 , 227639 , 227639 , 
167063 , 172965 , 174728 , 178284 , 183149 , 186120 , 187765 , 192750 , 193846 , 194196 , 194226 , 194226 , 194226 , 194226 , 
56839.5 , 61061.4 , 63364.3 , 67259.1 , 73220.2 , 76594.6 , 79488 , 81920.7 , 83137.8 , 84147.8 , 84455.7 , 84481.3 , 84481.3 , 84481.3 , 
38551.4 , 42661.5 , 44658.5 , 48342.9 , 53879.9 , 55793.7 , 58175.7 , 60278.7 , 61335.8 , 62220.7 , 62305.6 , 62351.8 , 62351.8 , 62351.8 , 
120806 , 126759 , 129816 , 134527 , 141572 , 151676 , 152486 , 152842 , 153129 , 153196 , 153196 , 153196 , 153196 , 153196 , 
31087.1 , 36030.7 , 37547.4 , 41245.3 , 45371.3 , 46617.3 , 48710 , 50566.1 , 51227.3 , 51569.7 , 51677 , 51722.5 , 51722.5 , 51722.5 , 
236939 , 244907 , 249839 , 257453 , 270984 , 292876 , 295022 , 296084 , 296129 , 296350 , 296350 , 296350 , 296350 , 296350 , 
327745 , 337309 , 341604 , 349447 , 360102 , 365561 , 370007 , 379085 , 381103 , 384581 , 384748 , 384748 , 384748 , 384748 , 
158428 , 170104 , 175044 , 184497 , 196905 , 209745 , 213595 , 217437 , 218774 , 219887 , 220155 , 220155 , 220155 , 220155 , 
165926 , 177219 , 184294 , 194279 , 210467 , 226399 , 229616 , 232176 , 233007 , 234177 , 234177 , 234177 , 234177 , 234177 , 
164199 , 177495 , 183666 , 194572 , 211095 , 224880 , 229152 , 232475 , 234033 , 235503 , 235628 , 235628 , 235628 , 235628 , 
472871 , 475054 , 476528 , 478005 , 478885 , 479164 , 479317 , 487577 , 487840 , 488286 , 488375 , 488552 , 488627 , 488627 , 
407864 , 413463 , 415909 , 418745 , 423904 , 424862 , 425907 , 440192 , 440451 , 440451 , 440451 , 440451 , 440451 , 440451 , 
167847 , 178564 , 184676 , 193677 , 206229 , 223004 , 225978 , 228571 , 229202 , 229520 , 229520 , 229520 , 229520 , 229520 , 
267264 , 279669 , 284795 , 293782 , 306440 , 323169 , 324835 , 328234 , 328433 , 329314 , 329468 , 329468 , 329468 , 329468 , 
65120.7 , 72732.5 , 77500.8 , 85131.2 , 94563.6 , 98577.9 , 103108 , 108287 , 110417 , 111671 , 111884 , 111884 , 111884 , 111884 , 
91802.2 , 101441 , 106051 , 114980 , 131582 , 136418 , 141584 , 147549 , 149761 , 151033 , 151155 , 151155 , 151155 , 151155 , 
365606 , 383145 , 390856 , 405394 , 424167 , 455093 , 456370 , 457850 , 458497 , 458497 , 458497 , 458497 , 458497 , 458497 , 
212789 , 226786 , 231798 , 242375 , 260035 , 282609 , 288231 , 292477 , 293635 , 296224 , 296323 , 296323 , 296323 , 296323 , 
36634.4 , 43332.4 , 46301 , 51933 , 59059.2 , 60839.4 , 61641 , 65388.2 , 65603.2 , 65888.9 , 65888.9 , 65888.9 , 65888.9 , 65888.9 , 
76839.1 , 85893.5 , 90953.4 , 100265 , 113085 , 118246 , 125964 , 131020 , 133025 , 136042 , 136224 , 136224 , 136224 , 136224 , 
87449.3 , 98887.4 , 104793 , 114150 , 127869 , 132427 , 136887 , 144484 , 146778 , 147792 , 147859 , 147859 , 147859 , 147859 , 
153263 , 167532 , 177034 , 190584 , 210568 , 218752 , 227508 , 235243 , 239064 , 242479 , 242843 , 242843 , 242843 , 242843 , 
191098 , 207428 , 217195 , 227552 , 250286 , 263095 , 269938 , 278108 , 280877 , 282281 , 282462 , 282462 , 282462 , 282462 , 
547042 , 560124 , 566763 , 577833 , 589646 , 595227 , 598570 , 618708 , 620608 , 621529 , 621909 , 621909 , 621909 , 621909 , 
449133 , 466936 , 473194 , 484832 , 500926 , 514409 , 519128 , 530762 , 534742 , 537378 , 537738 , 537738 , 537738 , 537738 , 
320319 , 329885 , 335957 , 344710 , 360486 , 373905 , 377637 , 379784 , 381658 , 383730 , 385632 , 386012 , 386012 , 386012 , 
16102.1 , 19302.3 , 21081.9 , 23566.1 , 27446.7 , 28185.1 , 28906.2 , 30518.3 , 30615.1 , 30695 , 30698.6 , 30710.1 , 30726.3 , 30726.3 , 
215712 , 228026 , 232960 , 241644 , 255356 , 274353 , 276100 , 277174 , 277699 , 277753 , 277753 , 277792 , 277792 , 277792 , 
397740 , 407995 , 412121 , 419393 , 430749 , 434929 , 440560 , 447419 , 450360 , 453930 , 454826 , 454882 , 454882 , 454882 , 
9369 , 11851.5 , 12661.2 , 13721.8 , 14712.7 , 14769.4 , 14877.2 , 15957.1 , 15949.8 , 15958.8 , 15958.8 , 15958.8 , 15958.8 , 15951.5 , 
189080 , 201986 , 210186 , 220808 , 238014 , 254738 , 259442 , 261010 , 261910 , 263115 , 263937 , 264356 , 264403 , 264403 , 
453133 , 460372 , 464192 , 469486 , 476867 , 479124 , 482781 , 491827 , 493882 , 495778 , 495899 , 495899 , 495899 , 495899 , 
6994.08 , 7995.08 , 8295.44 , 8710.02 , 9176.64 , 9309.82 , 9354.5 , 9678.12 , 9675.96 , 9675.96 , 9675.96 , 9678.24 , 9696.2 , 9696.2 , 
175854 , 186079 , 193573 , 203169 , 220598 , 237083 , 242262 , 244207 , 245076 , 247699 , 248291 , 248291 , 248291 , 248291 , 
950123 , 961230 , 966903 , 975104 , 984782 , 987688 , 991090 , 1.01439e+06 , 1.01694e+06 , 1.01904e+06 , 1.01931e+06 , 1.01931e+06 , 1.01931e+06 , 1.01931e+06 , 
361453 , 390159 , 404592 , 426194 , 456041 , 488385 , 498446 , 502758 , 504563 , 507380 , 509086 , 509867 , 509867 , 509867 , 
59163 , 68652.1 , 73201.1 , 81166.7 , 93741 , 98548.7 , 103939 , 107359 , 108220 , 109909 , 109951 , 109951 , 109951 , 109951 , 
791795 , 807726 , 815834 , 828841 , 848921 , 856409 , 868219 , 882756 , 891125 , 895669 , 897260 , 897648 , 897648 , 897648 , 
185672 , 206409 , 214799 , 232088 , 259278 , 273761 , 295468 , 300648 , 306298 , 314165 , 317689 , 318681 , 318844 , 318844 , 
615660 , 634970 , 645783 , 663800 , 688701 , 717402 , 723625 , 727493 , 729685 , 733089 , 734919 , 735282 , 735509 , 735509 , 
623937 , 649189 , 658371 , 675429 , 701615 , 732442 , 737290 , 741005 , 744328 , 747866 , 748928 , 748928 , 748928 , 748928 , 
27106.1 , 32070.3 , 33927.9 , 38062.7 , 42015.5 , 43008.1 , 43446.2 , 46154.9 , 46234.5 , 46234.5 , 46234.5 , 46234.5 , 46234.5 , 46234.9 , 
652191 , 674111 , 683630 , 699945 , 728528 , 750956 , 762228 , 769006 , 773080 , 778715 , 781185 , 781648 , 781894 , 781894 , 
650197 , 672841 , 684918 , 700002 , 727656 , 748282 , 756715 , 764064 , 768498 , 775676 , 777148 , 777148 , 777148 , 777148 , 
