milestone, 1, 2, 3, 5, 10, 20, 30, 40, 50, 60, 70, 80, 90, 100
171941 , 176222 , 178655 , 180785 , 183793 , 190698 , 192284 , 193810 , 193779 , 194603 , 195387 , 195453 , 196282 , 196222 , 
55054.3 , 60254.9 , 61708.6 , 66091.3 , 72131.7 , 79206.9 , 79959.5 , 81515.9 , 82635.3 , 83650.6 , 84684.6 , 84829.8 , 85761.9 , 85804.6 , 
173040 , 177152 , 178016 , 179726 , 181939 , 192103 , 192704 , 194612 , 195828 , 196160 , 197005 , 197102 , 197280 , 197299 , 
216589 , 216938 , 217375 , 218170 , 219184 , 220210 , 220487 , 220694 , 220919 , 221209 , 221234 , 221625 , 221701 , 221840 , 
220775 , 221604 , 222130 , 222696 , 224050 , 224996 , 225674 , 226693 , 227568 , 227819 , 228091 , 228372 , 228546 , 228515 , 
48198.2 , 52063.3 , 54384.4 , 57966.1 , 63510.5 , 71236.8 , 72157.5 , 74614.5 , 76189.8 , 76982.1 , 77843.4 , 78036.9 , 79048.1 , 78946.1 , 
5885.28 , 7512.1 , 7921.92 , 8683.02 , 9722.48 , 11443.6 , 11488.3 , 11748.6 , 11916.9 , 11957.7 , 12019.2 , 12023.5 , 12026.7 , 12023.7 , 
40498.8 , 43573.9 , 45305.7 , 48414.3 , 53548.5 , 63155.2 , 64114.4 , 66285.8 , 67072.1 , 67847.1 , 68690.8 , 68758.3 , 69447.3 , 69447.4 , 
226987 , 227423 , 227736 , 228479 , 229452 , 230589 , 230959 , 231046 , 231065 , 231208 , 231164 , 231241 , 231298 , 231366 , 
17933.2 , 18615.4 , 18956.9 , 19922.4 , 21221.5 , 24576.2 , 24837.6 , 25591 , 25881.2 , 26219.2 , 26514.5 , 26606 , 26754.7 , 26754.7 , 
12643.3 , 13555.5 , 14021 , 14652 , 16097.6 , 18631.2 , 19163.9 , 19668.7 , 19825.4 , 19954.1 , 20067.9 , 20150.9 , 20271.3 , 20270.2 , 
51673.1 , 52042.2 , 52235.1 , 52621.2 , 53059.4 , 53454.1 , 53737.5 , 54127.1 , 54166.2 , 54430 , 54360 , 54549 , 54367.1 , 54421.3 , 
2294.36 , 2652.26 , 2851.34 , 3057.34 , 3328.72 , 4204.76 , 4288.08 , 4528.4 , 4585.36 , 4635.28 , 4680.7 , 4698.5 , 4733.36 , 4733.36 , 
45104.4 , 45751.8 , 46170.4 , 46676.8 , 47308.3 , 50550.5 , 50722.8 , 51414.5 , 51649.1 , 51880.4 , 52313.8 , 52509.6 , 52705.9 , 52705.9 , 
59257.4 , 59400.3 , 59567.4 , 59613.4 , 59845.6 , 60110.5 , 60201.6 , 60329.5 , 60397.9 , 60289.2 , 60320.7 , 60403.9 , 60391.2 , 60341.4 , 
27758.1 , 29136.2 , 29895.9 , 31065 , 32658.2 , 36387.2 , 36762.2 , 37529.8 , 37864.5 , 38121.7 , 38336.3 , 38427.7 , 38487.1 , 38487.1 , 
9763.12 , 10574.7 , 10830.4 , 11562.8 , 12859.8 , 14945.4 , 15097.6 , 15544.2 , 15837.2 , 16085.1 , 16186.5 , 16203 , 16278.9 , 16278.9 , 
14126.8 , 15025.5 , 15521.3 , 16484.6 , 18012.5 , 19909.2 , 20094.7 , 20873.2 , 21299.3 , 21378.2 , 21500.4 , 21557.2 , 21654.1 , 21660 , 
27560.9 , 28399.6 , 29152.9 , 30064.1 , 31297.4 , 35520.4 , 35748.1 , 36765.3 , 37080.6 , 37289.8 , 37529 , 37576.9 , 37827.3 , 37827.3 , 
75631.2 , 78150.5 , 79570.7 , 81400.4 , 82787.2 , 89107 , 89700.5 , 91209.5 , 91954.9 , 92682.7 , 93581.1 , 93912.1 , 95169.3 , 95169.3 , 
67878.3 , 70353 , 72211.5 , 74253.2 , 76508.2 , 83142.9 , 84050 , 86374.1 , 86970.8 , 87948.8 , 89069.6 , 89250.4 , 89520.5 , 89520.5 , 
96380.2 , 97445.6 , 97897.1 , 98678.2 , 99785.8 , 103557 , 103619 , 104114 , 104177 , 104298 , 104517 , 104707 , 104739 , 104676 , 
22782.9 , 24762.4 , 26097.1 , 27428.8 , 29923 , 33975.6 , 34595.9 , 35750.1 , 36116 , 36360.1 , 36594.8 , 36633.9 , 37071.8 , 37063 , 
97630.1 , 98857.1 , 99181.5 , 99707.3 , 100516 , 101475 , 101613 , 102536 , 102513 , 103012 , 103086 , 103281 , 103265 , 103236 , 
38330.3 , 41947.9 , 42877.4 , 45138.7 , 48328.6 , 55219.9 , 56092 , 57658.7 , 58332.7 , 59199.2 , 59695.9 , 59871.5 , 60254.8 , 60278.4 , 
9585.08 , 10760.3 , 11447.1 , 12259.7 , 13727.8 , 17452.1 , 17798.3 , 18502.2 , 18753.3 , 18948.9 , 19087.4 , 19203 , 19350.4 , 19350.4 , 
36729.4 , 39223.8 , 40034.7 , 42358.9 , 45608.6 , 52830.7 , 53433.3 , 54595.9 , 54910.6 , 55397.8 , 56289 , 56440 , 56747.5 , 56776.2 , 
38378.5 , 41009.1 , 42175.2 , 43983.7 , 47330.5 , 53787.2 , 54661.8 , 56611.4 , 57568.9 , 58306.8 , 59123.1 , 59312.1 , 59952.2 , 59952.2 , 
53312.9 , 55750.1 , 56990.8 , 58888.7 , 61765.3 , 69505.1 , 70153.9 , 72225.5 , 72449.9 , 73400.8 , 73874.6 , 73874.6 , 74110.2 , 74110.2 , 
130325 , 132297 , 133326 , 135135 , 136487 , 140651 , 141606 , 142814 , 143226 , 143932 , 144564 , 144835 , 145691 , 145674 , 
188392 , 188414 , 188453 , 188495 , 188506 , 188531 , 188480 , 188517 , 188531 , 188518 , 188536 , 188505 , 188505 , 188541 , 
74821 , 78317 , 80430.3 , 82724.1 , 86875.6 , 99408.9 , 101246 , 102946 , 103560 , 104004 , 104580 , 104753 , 105268 , 105268 , 
41929.5 , 44624.3 , 46198.6 , 48059.5 , 52546.3 , 63823.4 , 64831.3 , 67136.6 , 68135 , 68557.7 , 69056.3 , 69263.6 , 69572.7 , 69572.7 , 
53198.2 , 55629.8 , 57654.7 , 61086.7 , 64983.4 , 74649 , 75212.2 , 77789.2 , 78956.9 , 79817.4 , 80308 , 80682.1 , 81229.5 , 81229.5 , 
16871.1 , 18772.2 , 19753.8 , 21472.7 , 23808 , 28286.8 , 28680 , 29558.3 , 29878.9 , 30184.6 , 30572.1 , 30561.8 , 30802.3 , 30790.8 , 
129562 , 132271 , 133902 , 136095 , 138253 , 143828 , 144574 , 145711 , 145934 , 146716 , 147122 , 147255 , 147292 , 147244 , 
90907 , 93893.3 , 96280.1 , 98851.7 , 102361 , 114986 , 116197 , 118831 , 119318 , 120344 , 121306 , 121799 , 122291 , 122291 , 
11933.6 , 13060.1 , 13716.7 , 14958.6 , 16573 , 20774.7 , 21600.1 , 22447.5 , 22703.3 , 22823.4 , 22879.9 , 23047.5 , 23244.5 , 23231.4 , 
82547.2 , 85868.5 , 88075.8 , 91162.5 , 95218 , 106914 , 108032 , 110782 , 111736 , 112355 , 112942 , 112946 , 113541 , 113541 , 
243440 , 263871 , 271291 , 284040 , 304455 , 342971 , 349054 , 358886 , 362064 , 365087 , 367401 , 370252 , 374489 , 374744 , 
912975 , 914837 , 916831 , 918283 , 923167 , 926495 , 927859 , 929326 , 931098 , 932359 , 932657 , 933018 , 933207 , 933167 , 
185338 , 203435 , 210840 , 220721 , 238521 , 274337 , 278290 , 286428 , 289280 , 291297 , 293296 , 294835 , 295993 , 296048 , 
15547.2 , 17799.7 , 19494.1 , 21823.8 , 24547.3 , 29517.5 , 29999.2 , 30356.1 , 30464.4 , 30667.8 , 30920.2 , 31030 , 31343.2 , 31353.1 , 
58681.2 , 66816.3 , 68880 , 72825.3 , 80545.1 , 93753.2 , 94987 , 96193.4 , 97391.9 , 98030.7 , 99710.1 , 99925 , 100169 , 100295 , 
698568 , 712502 , 719532 , 728213 , 739431 , 772914 , 775421 , 778082 , 778152 , 779387 , 779360 , 779866 , 779934 , 779906 , 
24429.6 , 27695.7 , 28303.6 , 31237.7 , 34878.5 , 40246.3 , 40680.6 , 41077.9 , 41363.4 , 41679.1 , 41897.2 , 41876.6 , 42040.2 , 41995.7 , 
586918 , 604949 , 612145 , 625509 , 637982 , 684830 , 687595 , 694801 , 696494 , 699403 , 700485 , 701444 , 705149 , 705253 , 
696421 , 712282 , 717077 , 727127 , 738631 , 772819 , 772622 , 776919 , 776605 , 778079 , 778051 , 778775 , 778746 , 778970 , 
516538 , 535741 , 543691 , 559636 , 576277 , 617531 , 620609 , 628815 , 631800 , 635629 , 638022 , 639870 , 645704 , 645715 , 
29610.4 , 32063.5 , 33031.3 , 34259.9 , 37651.8 , 44910 , 45515.9 , 46533 , 46929.7 , 47151 , 47736.4 , 48018.3 , 48174.1 , 48165.9 , 
179168 , 183651 , 185738 , 188201 , 190501 , 197709 , 197177 , 198818 , 198311 , 199201 , 198739 , 199156 , 199180 , 198951 , 
229609 , 230449 , 230715 , 231328 , 233000 , 234088 , 234607 , 234945 , 235090 , 235695 , 236068 , 236167 , 236214 , 236354 , 
203601 , 205333 , 206106 , 206868 , 208208 , 210625 , 211718 , 214452 , 214481 , 216124 , 215923 , 216727 , 216700 , 216549 , 
162233 , 165037 , 166337 , 169547 , 172072 , 182517 , 182881 , 184031 , 184404 , 184882 , 185134 , 185360 , 185574 , 185409 , 
53234.3 , 57406.6 , 57724.8 , 60124.8 , 64976 , 74561.2 , 75757.8 , 77541 , 78291.6 , 78919.7 , 79652.9 , 80039.4 , 80940.9 , 80940.9 , 
36118.9 , 39344.7 , 40822.7 , 42623 , 46544.1 , 53872.3 , 54714.8 , 56515.3 , 56915 , 57450.2 , 58018.3 , 58064.6 , 58764.3 , 58799 , 
113496 , 118439 , 120267 , 123421 , 129892 , 139754 , 141029 , 143501 , 144810 , 145334 , 145815 , 145810 , 147472 , 147438 , 
28568.5 , 32199 , 32879.5 , 35172.3 , 38604.5 , 44693.3 , 45557.3 , 46611.9 , 47084 , 47271.3 , 47999.3 , 48029.2 , 48339.9 , 48339.7 , 
217867 , 226734 , 231660 , 235311 , 247513 , 270781 , 272690 , 276876 , 279062 , 281945 , 283219 , 283714 , 285776 , 285861 , 
310801 , 321707 , 326298 , 332679 , 339277 , 359871 , 360355 , 363303 , 363515 , 364021 , 365182 , 365915 , 366284 , 366134 , 
151794 , 157010 , 160374 , 164509 , 176610 , 196814 , 198306 , 201194 , 203451 , 204915 , 205915 , 206984 , 208770 , 208770 , 
156021 , 164366 , 167654 , 174352 , 185688 , 207099 , 209317 , 213675 , 215282 , 217767 , 219876 , 220452 , 222467 , 222584 , 
159684 , 167388 , 171811 , 179022 , 191567 , 210888 , 212788 , 216248 , 217438 , 218958 , 220179 , 220697 , 223843 , 223861 , 
468469 , 468878 , 469672 , 470418 , 471472 , 473130 , 474294 , 474696 , 474933 , 475370 , 475510 , 475809 , 475699 , 475757 , 
398269 , 400598 , 401807 , 403525 , 405686 , 411503 , 412843 , 416128 , 416856 , 418764 , 418626 , 419722 , 419372 , 419063 , 
158337 , 165845 , 169110 , 173820 , 184146 , 204425 , 206501 , 210331 , 213175 , 215175 , 216609 , 218405 , 221419 , 221433 , 
251865 , 261949 , 265932 , 271647 , 283284 , 308027 , 309691 , 311058 , 312653 , 313947 , 315725 , 316703 , 318339 , 318357 , 
61408.2 , 67480 , 69719.6 , 73936.8 , 79828.8 , 93250.1 , 94509.8 , 97329.4 , 98767.3 , 99526.1 , 100736 , 101227 , 102330 , 102355 , 
87654.2 , 94695.3 , 96707.3 , 102135 , 113082 , 129897 , 132360 , 135621 , 136943 , 138055 , 138977 , 139390 , 140753 , 140926 , 
339731 , 355778 , 362229 , 374286 , 392487 , 422015 , 425119 , 430842 , 433455 , 435519 , 439371 , 441124 , 444910 , 445187 , 
200540 , 210427 , 216089 , 222958 , 234211 , 267519 , 269779 , 275411 , 277564 , 280354 , 282833 , 283071 , 285144 , 285156 , 
32106.5 , 35554.2 , 37580.2 , 40119.7 , 46641 , 56869 , 57930.6 , 59212.4 , 59588 , 60002.2 , 60291.9 , 60474.7 , 60955.2 , 61018.3 , 
80366.4 , 86258.9 , 89097.4 , 94206.1 , 103083 , 120610 , 121929 , 127244 , 128509 , 129033 , 129988 , 130763 , 131846 , 131861 , 
82406.3 , 88868.6 , 91466.4 , 97692.1 , 108500 , 127156 , 129367 , 132017 , 133879 , 136070 , 137243 , 137317 , 138160 , 138178 , 
147514 , 157006 , 161502 , 168534 , 184072 , 210292 , 212797 , 218180 , 219619 , 221457 , 223058 , 224243 , 227619 , 227683 , 
179600 , 191585 , 194384 , 203705 , 218817 , 248690 , 250799 , 256324 , 258316 , 261431 , 263640 , 264382 , 265661 , 265684 , 
534307 , 544517 , 549953 , 554954 , 562480 , 587428 , 587258 , 591009 , 590554 , 591776 , 591680 , 592651 , 592738 , 592168 , 
428771 , 443178 , 448970 , 459329 , 469231 , 504021 , 505588 , 509204 , 510820 , 511503 , 512583 , 512563 , 515171 , 515290 , 
304338 , 315816 , 319486 , 325001 , 335067 , 361343 , 361924 , 362909 , 363760 , 364338 , 365821 , 365954 , 367290 , 367659 , 
12043.8 , 14460.3 , 15760.3 , 18019.1 , 21092.9 , 24218.9 , 24858.5 , 25852.2 , 26070.2 , 26416.3 , 26721.7 , 26922.8 , 26923.4 , 26913.8 , 
207187 , 215374 , 218676 , 223633 , 235589 , 257358 , 259502 , 264422 , 265501 , 267050 , 269837 , 270092 , 271884 , 271884 , 
383071 , 392983 , 394256 , 401078 , 406636 , 430470 , 430448 , 431874 , 431607 , 433234 , 432881 , 433701 , 433500 , 433177 , 
7738.48 , 9202.9 , 9827.86 , 10492.8 , 11769.5 , 13569.9 , 13816.5 , 14053.3 , 14144.6 , 14217.7 , 14296.8 , 14430.5 , 14476.4 , 14527.3 , 
185713 , 195098 , 198020 , 204391 , 215055 , 240878 , 242477 , 245183 , 246521 , 248437 , 251076 , 251730 , 253566 , 253789 , 
441668 , 444681 , 445225 , 447940 , 449996 , 461201 , 462521 , 470268 , 469868 , 473729 , 473934 , 474799 , 474713 , 474498 , 
4629.68 , 6007.78 , 6498.96 , 7340.22 , 8188.38 , 8704.26 , 8862.44 , 9190.68 , 9317.02 , 9396.4 , 9412.18 , 9425.8 , 9475.48 , 9490.04 , 
166610 , 177728 , 182732 , 187219 , 197274 , 219715 , 221773 , 227094 , 228310 , 229436 , 230156 , 230333 , 232757 , 232866 , 
920159 , 923749 , 926117 , 931838 , 938406 , 948045 , 953509 , 963071 , 965175 , 970382 , 970787 , 976337 , 977765 , 977761 , 
352902 , 373667 , 380916 , 394716 , 413938 , 462470 , 464907 , 470947 , 473378 , 475861 , 477112 , 478315 , 485040 , 485440 , 
62521.8 , 63676.8 , 66645.9 , 71515.9 , 78435.9 , 89664.5 , 92037.6 , 94877.5 , 95710.2 , 96670.5 , 97749.2 , 98491.8 , 99392.9 , 99473.2 , 
772816 , 784312 , 791407 , 801630 , 808699 , 851479 , 852027 , 855202 , 854861 , 857355 , 857581 , 860432 , 860354 , 860121 , 
189470 , 207032 , 212133 , 223455 , 236495 , 267146 , 271922 , 276314 , 278601 , 281072 , 283294 , 284166 , 287477 , 287826 , 
582685 , 601923 , 612147 , 623184 , 643579 , 693025 , 693482 , 698388 , 699725 , 701643 , 705581 , 706824 , 709490 , 709594 , 
588398 , 604782 , 615435 , 627825 , 650675 , 694777 , 698193 , 701456 , 702592 , 704726 , 708503 , 711727 , 714108 , 714331 , 
22162.7 , 24497.4 , 25958.8 , 28564.8 , 32609.1 , 38327.2 , 39200.4 , 40114.9 , 40521.8 , 41046 , 41325.2 , 41565.1 , 41845.5 , 41947.9 , 
613427 , 630704 , 644686 , 659742 , 677864 , 727471 , 729022 , 733772 , 736203 , 739048 , 741363 , 742566 , 744805 , 745026 , 
622858 , 640057 , 646953 , 659278 , 682552 , 726939 , 728630 , 731803 , 732320 , 733672 , 735369 , 735896 , 738568 , 738623 , 
