milestone, 1, 2, 3, 5, 10, 20, 30, 40, 50, 60, 70, 80, 90, 100
178447 , 182801 , 185711 , 189075 , 191821 , 194421 , 194779 , 202280 , 202444 , 202695 , 202695 , 202779 , 202779 , 202779 , 
61507.8 , 67430.7 , 69962.4 , 73747.7 , 79660.9 , 81460.1 , 82304.2 , 85944.6 , 86057.2 , 86334.1 , 86446.5 , 86559.8 , 86559.8 , 86559.8 , 
177136 , 180980 , 182990 , 185021 , 187575 , 189859 , 190374 , 199132 , 199396 , 199729 , 199729 , 199729 , 199729 , 199729 , 
219350 , 220729 , 221112 , 222349 , 223626 , 223958 , 224167 , 230938 , 231022 , 231206 , 231206 , 231206 , 231206 , 231206 , 
223896 , 226072 , 227137 , 228535 , 229279 , 229474 , 229660 , 235674 , 235951 , 236232 , 236331 , 236331 , 236331 , 236331 , 
53435.9 , 59350.8 , 62272.5 , 65991.9 , 71340.9 , 75405.5 , 76072.9 , 79744.8 , 79856.5 , 79915.8 , 79915.8 , 79915.8 , 79915.8 , 79915.8 , 
8172.7 , 9263.02 , 9603.92 , 10044.1 , 10172 , 10174.4 , 10175 , 10904.1 , 10904.1 , 10904.1 , 10904.1 , 10904.1 , 10904.1 , 10904.1 , 
44577.1 , 48961.1 , 51453.1 , 55486.1 , 59984.5 , 61195.6 , 62009.5 , 65997.3 , 65999.9 , 66092.2 , 66092.2 , 66139.5 , 66139.5 , 66139.5 , 
230228 , 231360 , 231540 , 231999 , 232348 , 232555 , 232660 , 237412 , 237865 , 238658 , 238748 , 238841 , 238841 , 238841 , 
18662 , 20223.5 , 21124.1 , 22445.9 , 23786.3 , 25583.7 , 25831.6 , 26292.5 , 26307.5 , 26321.1 , 26321.2 , 26332.4 , 26332.4 , 26332.4 , 
13975.9 , 15643.4 , 16246.5 , 17148.5 , 18077.9 , 18414.1 , 18609.1 , 19862.7 , 19881.5 , 19892.5 , 19907.4 , 19907.4 , 19926.1 , 19926.1 , 
53544.6 , 54570.1 , 55075.8 , 55693.8 , 56347.2 , 56417.1 , 56479.2 , 57492.8 , 57494.3 , 57515.3 , 57515.3 , 57538.7 , 57559.7 , 57559.7 , 
2689.58 , 3172.76 , 3340.02 , 3545.22 , 3672.94 , 3735.98 , 3744.64 , 3850.22 , 3860.22 , 3863.82 , 3863.82 , 3869.26 , 3869.26 , 3869.26 , 
46316.8 , 47667.8 , 48235.2 , 48917.9 , 49748.7 , 50043.3 , 50236.6 , 51942.6 , 51987.8 , 52024.9 , 52024.9 , 52024.9 , 52024.9 , 52024.9 , 
60128.4 , 60676.3 , 60948.3 , 61243 , 61453.6 , 61591.8 , 61614.9 , 61664.3 , 61684.4 , 61684.4 , 61684.4 , 61684.4 , 61684.4 , 61684.4 , 
29972.5 , 31731 , 32551 , 33940 , 35349 , 37791.7 , 37899.2 , 38083.1 , 38152.1 , 38152.1 , 38173.2 , 38185 , 38185 , 38185 , 
10514.1 , 12172.1 , 12611.6 , 13417.8 , 14299.8 , 14485.2 , 14604.7 , 15166.9 , 15173.6 , 15214.2 , 15214.2 , 15214.2 , 15214.2 , 15214.2 , 
15655.1 , 17279.1 , 17884.5 , 18761.3 , 19897.1 , 20234.4 , 20461.2 , 21251.9 , 21336 , 21361.1 , 21361.1 , 21361.1 , 21361.1 , 21361.1 , 
29447.9 , 30880.8 , 31692.6 , 32944.5 , 34393.7 , 36909 , 37000.9 , 37239.8 , 37293 , 37312.5 , 37312.5 , 37312.5 , 37312.5 , 37312.5 , 
79976.1 , 82793.9 , 83720.8 , 85363.8 , 87422.2 , 89462.2 , 89820 , 93183.7 , 93399 , 93398.2 , 93398.2 , 93398.2 , 93398.2 , 93398.2 , 
72239.1 , 75894 , 77494.1 , 79520.5 , 82286.1 , 85834.5 , 86075.5 , 87658.1 , 87803.4 , 88098.2 , 88137.5 , 88137.5 , 88137.5 , 88137.5 , 
98717.8 , 100451 , 101573 , 102947 , 104371 , 104833 , 105021 , 108883 , 108926 , 109066 , 109066 , 109066 , 109066 , 109072 , 
25382.5 , 27665.4 , 28947.9 , 30786.9 , 33087.7 , 33584.4 , 33910.5 , 35870.8 , 35967.9 , 36138.6 , 36138.6 , 36138.6 , 36227.7 , 36227.7 , 
100184 , 101921 , 102788 , 103831 , 105433 , 105629 , 105859 , 108034 , 108207 , 108248 , 108248 , 108248 , 108248 , 108248 , 
42456.5 , 45854.7 , 47647.1 , 50428.8 , 54366.5 , 58604.4 , 58796.4 , 59774.7 , 59826.9 , 59899.2 , 59927.6 , 59927.6 , 59927.6 , 59927.6 , 
11528.7 , 13320.3 , 13890.4 , 14793.9 , 15666.5 , 16059.9 , 16201.4 , 17040.8 , 17120.7 , 17212.1 , 17230.7 , 17248.6 , 17248.6 , 17248.6 , 
39545.7 , 43522.6 , 45379 , 47728.2 , 50780 , 53861.9 , 54519.1 , 55441.6 , 55541.9 , 55577 , 55608.7 , 55608.7 , 55608.7 , 55611.5 , 
42783.9 , 45456.1 , 46930.8 , 49219.1 , 52402 , 55984.4 , 56525.6 , 57575 , 57740 , 57811.3 , 57811.3 , 57811.3 , 57811.3 , 57811.3 , 
57480.4 , 60377.2 , 62183 , 64203.9 , 66758.5 , 72276 , 72597.2 , 73572.5 , 73606 , 73608.4 , 73639.4 , 73639.4 , 73639.4 , 73639.4 , 
133946 , 136922 , 138286 , 140288 , 142361 , 143629 , 143972 , 149986 , 150100 , 150100 , 150100 , 150100 , 150100 , 150100 , 
188246 , 188670 , 188869 , 188968 , 189108 , 191540 , 191540 , 191540 , 191540 , 191540 , 191540 , 191540 , 191540 , 191540 , 
81385.8 , 85018.5 , 86463.3 , 89527.9 , 92731.6 , 101609 , 102325 , 103375 , 103599 , 103653 , 103653 , 103653 , 103653 , 103653 , 
44914.5 , 50270.9 , 52160.6 , 55625.3 , 59583 , 61158.8 , 61868.4 , 64597.1 , 64861.1 , 64939.6 , 64939.6 , 64939.6 , 64939.6 , 64939.6 , 
59231.8 , 63031.2 , 64608.9 , 66887 , 70052.8 , 74201 , 75125.9 , 77850.7 , 78179.7 , 78179.7 , 78179.7 , 78179.7 , 78179.7 , 78179.7 , 
19354.9 , 22415.5 , 23580.3 , 25317.8 , 27069.3 , 27450.1 , 27566 , 29431.7 , 29566.7 , 29665 , 29699.9 , 29699.9 , 29699.9 , 29699.9 , 
134620 , 137731 , 139433 , 141401 , 143658 , 144491 , 144982 , 150504 , 150510 , 150956 , 150956 , 150956 , 150956 , 150956 , 
95634.5 , 100830 , 102650 , 104997 , 108334 , 119181 , 119444 , 120214 , 120382 , 120382 , 120382 , 120382 , 120382 , 120382 , 
13879.6 , 15595.9 , 16663.5 , 17895.8 , 19050.9 , 19542.6 , 19658 , 20666.4 , 20740.8 , 20784.9 , 20784.9 , 20785.9 , 20785.9 , 20787.6 , 
88931.5 , 93440.5 , 95784.2 , 98175.7 , 102266 , 109838 , 110003 , 111230 , 111345 , 111345 , 111347 , 111442 , 111613 , 111613 , 
266136 , 290656 , 305853 , 323015 , 349749 , 360694 , 372811 , 382050 , 387165 , 393393 , 393393 , 393393 , 393393 , 393393 , 
923774 , 930976 , 933570 , 934859 , 935924 , 936302 , 936550 , 954633 , 954989 , 955731 , 955731 , 955731 , 955731 , 955731 , 
196275 , 220813 , 233517 , 251026 , 277884 , 287703 , 300034 , 306020 , 309185 , 314503 , 315040 , 315137 , 315249 , 315249 , 
20294.6 , 24329.3 , 25732.2 , 27698.9 , 28957.8 , 29125 , 29185.6 , 30768 , 30768 , 30768 , 30768 , 30807 , 30906.1 , 30907 , 
59981.6 , 71150.8 , 75975.7 , 85660.7 , 95839.5 , 98247.5 , 100093 , 104138 , 104323 , 104557 , 104747 , 104747 , 104747 , 104747 , 
717434 , 736382 , 743551 , 756462 , 771286 , 777039 , 780467 , 803809 , 805547 , 806752 , 806752 , 806752 , 806752 , 806752 , 
27589.2 , 32346 , 34880.4 , 37757.5 , 39735.9 , 40031.9 , 40298.1 , 42586.1 , 42632.1 , 42668.2 , 42714.3 , 42714.3 , 42714.3 , 42714.3 , 
609339 , 631946 , 640414 , 655266 , 677132 , 696086 , 701849 , 716374 , 720809 , 723789 , 724470 , 724470 , 724470 , 724470 , 
717733 , 734966 , 742549 , 755050 , 768268 , 775803 , 780161 , 802942 , 805179 , 806316 , 806500 , 806500 , 806500 , 806500 , 
538623 , 565220 , 575517 , 589677 , 606940 , 633619 , 636785 , 646103 , 647727 , 648645 , 648645 , 648645 , 648645 , 648645 , 
27877.7 , 33144.7 , 35282.7 , 38737 , 43395.2 , 45222.4 , 47629.9 , 48635.6 , 49252.4 , 49804.6 , 50052.6 , 50071.5 , 50102.4 , 50103 , 
185723 , 190608 , 192771 , 196242 , 200449 , 201684 , 203076 , 208572 , 209171 , 209880 , 210000 , 210000 , 210000 , 210000 , 
233380 , 235264 , 236181 , 237816 , 238986 , 239174 , 239345 , 242544 , 242725 , 242892 , 242895 , 243025 , 243071 , 243071 , 
209693 , 213070 , 214626 , 216979 , 219864 , 220451 , 221421 , 226219 , 226512 , 226706 , 226706 , 226706 , 226706 , 226706 , 
166496 , 171822 , 173817 , 177938 , 183104 , 185165 , 186592 , 191154 , 191650 , 192171 , 192171 , 192171 , 192171 , 192171 , 
55724 , 60454.2 , 62622.9 , 67481.3 , 73555.9 , 76425.4 , 79019.9 , 80995.5 , 81674.7 , 82714 , 83141.2 , 83263.7 , 83263.7 , 83263.7 , 
37327.9 , 42689.1 , 44868 , 48627.9 , 53443.7 , 55663.7 , 57893.7 , 59657.4 , 60015.8 , 60887.7 , 60962.5 , 60993.5 , 60996.4 , 60999 , 
118401 , 127525 , 130913 , 134720 , 141216 , 150431 , 151112 , 151398 , 151407 , 151497 , 151605 , 151605 , 151605 , 151605 , 
33556.4 , 36774.9 , 38800.9 , 41647.1 , 45685.4 , 46959 , 48548.6 , 49894.7 , 50273 , 50873.7 , 51099.7 , 51160 , 51222 , 51222 , 
232328 , 243860 , 249867 , 258201 , 270070 , 288709 , 290362 , 290994 , 291319 , 291861 , 291861 , 291861 , 291861 , 291861 , 
326481 , 335883 , 341472 , 348038 , 358983 , 365997 , 370510 , 376772 , 377652 , 379943 , 380357 , 380357 , 380357 , 380357 , 
158942 , 169996 , 175400 , 184284 , 196628 , 206072 , 210185 , 213212 , 215004 , 216632 , 217634 , 217783 , 217844 , 217844 , 
166167 , 178218 , 185527 , 195485 , 210100 , 220278 , 225340 , 228254 , 229573 , 231931 , 232259 , 232259 , 232259 , 232259 , 
164351 , 176570 , 184471 , 194186 , 208118 , 220110 , 226406 , 229318 , 230869 , 233576 , 233964 , 233964 , 233964 , 233964 , 
472998 , 475188 , 476320 , 477826 , 478892 , 479097 , 479286 , 486177 , 486611 , 486612 , 486703 , 486873 , 486873 , 486873 , 
407030 , 412350 , 414906 , 419048 , 423429 , 424634 , 425907 , 437027 , 437396 , 437577 , 437658 , 437733 , 437733 , 437733 , 
165379 , 176140 , 183133 , 192124 , 204664 , 217042 , 220674 , 223738 , 224560 , 225475 , 225687 , 225744 , 225800 , 225800 , 
264601 , 276378 , 281504 , 291525 , 303911 , 318445 , 320398 , 323679 , 324417 , 325060 , 325266 , 325266 , 325266 , 325266 , 
62755.4 , 72926.4 , 77880.1 , 84681 , 94806.3 , 99001.5 , 103206 , 106980 , 108018 , 109588 , 109902 , 109902 , 109902 , 109902 , 
87291.2 , 99915.8 , 105490 , 113916 , 128461 , 134214 , 140493 , 144250 , 145829 , 148310 , 148498 , 148554 , 148619 , 148619 , 
360605 , 381966 , 391956 , 405878 , 423452 , 451059 , 452708 , 454785 , 454785 , 454785 , 454785 , 454785 , 454785 , 454785 , 
208197 , 221267 , 228587 , 240587 , 260681 , 276270 , 283864 , 287243 , 289262 , 293822 , 295000 , 295082 , 295082 , 295082 , 
39406.1 , 45197.3 , 48258.1 , 53368.3 , 59150.8 , 60655.1 , 61535.9 , 64422.4 , 64816.7 , 65313.9 , 65356 , 65356.1 , 65356.1 , 65356.1 , 
77241.2 , 85958.8 , 92546.8 , 100211 , 113923 , 119361 , 125287 , 129716 , 131935 , 135513 , 135933 , 135933 , 135994 , 135994 , 
85691.5 , 97386.6 , 103600 , 112678 , 126541 , 132426 , 137244 , 140587 , 142761 , 144053 , 144240 , 144240 , 144303 , 144303 , 
153282 , 167578 , 174723 , 188826 , 208966 , 217386 , 225854 , 232900 , 235503 , 238931 , 239215 , 239542 , 239622 , 239622 , 
184811 , 202877 , 211987 , 227127 , 247825 , 257425 , 264840 , 270218 , 272822 , 276219 , 276809 , 276812 , 276812 , 276812 , 
550213 , 563493 , 570143 , 577550 , 590300 , 593547 , 596267 , 612991 , 614834 , 615368 , 615525 , 615525 , 615525 , 615525 , 
447345 , 462683 , 471484 , 483801 , 499651 , 514611 , 518385 , 527671 , 529398 , 531152 , 531534 , 531534 , 531534 , 531534 , 
318725 , 332826 , 337621 , 346835 , 360105 , 373949 , 377378 , 378804 , 379622 , 381488 , 382471 , 382715 , 382847 , 382847 , 
16087.5 , 19349.7 , 21387.6 , 24191.2 , 27610.4 , 28276.5 , 28855.2 , 29982.8 , 30212.4 , 30419.6 , 30457.1 , 30457.1 , 30457.1 , 30447.6 , 
213370 , 224071 , 228039 , 237685 , 255369 , 272288 , 274360 , 275967 , 276433 , 276892 , 277580 , 277777 , 277777 , 277777 , 
394916 , 404122 , 409704 , 418650 , 430513 , 436307 , 441279 , 444904 , 446408 , 450390 , 451188 , 451229 , 451229 , 451229 , 
9536.16 , 11617 , 12450.1 , 13513.1 , 14686.9 , 14775.5 , 14912.4 , 15563.7 , 15584.6 , 15600.9 , 15619.9 , 15654.6 , 15654.6 , 15654.6 , 
189202 , 201712 , 209206 , 219270 , 237596 , 251267 , 258404 , 261194 , 263166 , 264731 , 265649 , 266772 , 267475 , 267486 , 
451997 , 460000 , 462467 , 468705 , 476188 , 478469 , 482465 , 487858 , 490017 , 492634 , 492804 , 492804 , 492804 , 492804 , 
6748.42 , 7958.64 , 8272.82 , 8754.34 , 9182.7 , 9249.86 , 9286.32 , 9553.26 , 9577.96 , 9561.64 , 9562.78 , 9597.44 , 9604.22 , 9604.22 , 
172166 , 185009 , 193820 , 202678 , 219031 , 230109 , 239108 , 242284 , 244969 , 246328 , 247711 , 249057 , 249933 , 249939 , 
948095 , 959959 , 964813 , 973929 , 984478 , 986516 , 990412 , 1.0064e+06 , 1.00832e+06 , 1.01128e+06 , 1.01158e+06 , 1.01181e+06 , 1.01195e+06 , 1.01195e+06 , 
360217 , 386222 , 399223 , 424855 , 454807 , 478881 , 492203 , 498285 , 501570 , 505847 , 508237 , 509542 , 510319 , 510320 , 
57336.8 , 67418.5 , 72152.4 , 79359.1 , 92590.1 , 97948.2 , 103510 , 105867 , 106486 , 109128 , 109515 , 109515 , 109515 , 109518 , 
788230 , 805693 , 814847 , 829312 , 849583 , 857217 , 866013 , 878814 , 881957 , 887417 , 889951 , 890436 , 890660 , 890660 , 
188825 , 206405 , 216261 , 231173 , 257648 , 271909 , 292979 , 298670 , 302519 , 309996 , 313133 , 314345 , 314790 , 314790 , 
611539 , 629815 , 644758 , 660197 , 687971 , 716631 , 722006 , 724110 , 725799 , 728308 , 730733 , 730944 , 731202 , 731202 , 
617082 , 640397 , 651153 , 668462 , 696219 , 718723 , 726365 , 730884 , 734205 , 737653 , 740132 , 740378 , 740381 , 740387 , 
27474.1 , 31597.5 , 33772.2 , 38008.9 , 42035.6 , 42984.8 , 43395.7 , 45495.8 , 45536.1 , 45563.6 , 45563.6 , 45607 , 45607 , 45607 , 
643488 , 667763 , 681865 , 698498 , 724657 , 745520 , 754802 , 759822 , 763234 , 768333 , 771472 , 771847 , 772325 , 772325 , 
644010 , 668145 , 681376 , 699019 , 722285 , 744951 , 753009 , 758636 , 763555 , 767960 , 770884 , 771114 , 771114 , 771114 , 
