milestone, 1, 2, 3, 5, 10, 20, 30, 40, 50, 60, 70, 80, 90, 100
175635 , 180503 , 182975 , 186735 , 190890 , 192650 , 193213 , 202324 , 203632 , 203810 , 203810 , 203810 , 203810 , 203810 , 
56090.1 , 61359.3 , 63798.1 , 69209 , 76676.8 , 81689.7 , 83538.8 , 86594.3 , 87060.6 , 87394.1 , 87663.6 , 87663.6 , 87712.1 , 87712.1 , 
175950 , 179061 , 181465 , 184154 , 187457 , 188880 , 189597 , 199170 , 201115 , 201366 , 201366 , 201366 , 201366 , 201366 , 
219001 , 220235 , 220754 , 221575 , 222963 , 224432 , 224981 , 232756 , 233745 , 234372 , 234380 , 234550 , 235004 , 235004 , 
223706 , 224882 , 225976 , 227985 , 229307 , 230123 , 230363 , 237310 , 238354 , 239092 , 239188 , 239188 , 239188 , 239188 , 
48140.4 , 53675.2 , 56811.2 , 60818.9 , 67936.4 , 75168.5 , 77159.8 , 79154.4 , 79765.6 , 80064 , 80064.5 , 80064.5 , 80064.5 , 80064.5 , 
7583.72 , 8734.7 , 9156.34 , 9720.12 , 10130.9 , 10157.8 , 10159.5 , 10751.8 , 10745.7 , 10786.3 , 10826.9 , 10826.9 , 10826.9 , 10826.9 , 
41594 , 45040.3 , 46867.3 , 49993.2 , 56098.6 , 62009.5 , 64575.4 , 68526.3 , 68881.1 , 69189.3 , 69189.3 , 69189.3 , 69237.8 , 69237.8 , 
229104 , 230656 , 231212 , 231724 , 232108 , 232364 , 232478 , 236414 , 236867 , 238044 , 238222 , 238401 , 238401 , 238401 , 
17458.7 , 19220.6 , 19888.9 , 21304.1 , 23092.3 , 25695.3 , 26131.8 , 26664.5 , 26708.7 , 26711.7 , 26711.7 , 26711.7 , 26711.7 , 26711.7 , 
12602.2 , 14262.1 , 14983.1 , 16007.6 , 17369.1 , 18442.9 , 18915.5 , 20011.9 , 20247.5 , 20280.5 , 20290.8 , 20290.8 , 20290.8 , 20290.8 , 
53194.3 , 54063.6 , 54532.7 , 55109.4 , 56047.1 , 56183.1 , 56404 , 57554.4 , 57737.2 , 57840.5 , 57864 , 57864 , 57908.3 , 57908.7 , 
2371.3 , 2839.74 , 2963.8 , 3302.52 , 3569.5 , 3653.82 , 3696.36 , 3913.18 , 3918.62 , 3936.68 , 3944.04 , 3952.22 , 3952.22 , 3952.22 , 
45491.4 , 46725.5 , 47241.5 , 48120.5 , 49091.8 , 49540 , 50043.8 , 52501.6 , 52861.7 , 52957.5 , 52957.5 , 52957.5 , 52966.5 , 52966.5 , 
59856.9 , 60340.2 , 60643.5 , 60992.1 , 61323.3 , 61765.7 , 61776.4 , 62037.5 , 62058.3 , 62058.3 , 62075 , 62075 , 62075 , 62075 , 
28208.7 , 30010.5 , 31083.7 , 32585.4 , 34555.5 , 37244.6 , 37602.7 , 38239.6 , 38411.9 , 38423.9 , 38423.9 , 38423.9 , 38427.4 , 38427.4 , 
9199.26 , 10681.6 , 11319.9 , 12199.3 , 13636 , 14334.8 , 14680.9 , 15586.8 , 15709.1 , 15731.1 , 15731.1 , 15731.1 , 15731.1 , 15731.1 , 
14477.3 , 15896.7 , 16561 , 17414 , 18953 , 20409.2 , 20919.1 , 21798.3 , 21940.7 , 21973.1 , 22019.5 , 22019.5 , 22019.5 , 22019.5 , 
28409.9 , 29752.2 , 30062 , 31226.9 , 32897.6 , 35095.5 , 35515.7 , 36579.4 , 36799.1 , 36815.7 , 36815.7 , 36815.7 , 36815.7 , 36815.7 , 
78129.2 , 80548.6 , 81988.2 , 83967.7 , 86618.8 , 87950.9 , 88626.7 , 92783.1 , 93597.3 , 93768.8 , 93849.2 , 93849.2 , 93849.2 , 93849.2 , 
70514.7 , 73846 , 75410.1 , 77765.5 , 80798.8 , 84389.1 , 85284.4 , 87474.3 , 88126.3 , 88319.5 , 88369.1 , 88389.2 , 88389.2 , 88389.2 , 
97479.6 , 99189 , 100223 , 101837 , 103649 , 104227 , 104603 , 109099 , 109420 , 109468 , 109468 , 109510 , 109562 , 109562 , 
22914.1 , 25343.3 , 26686 , 28502.6 , 31497.8 , 33599.7 , 34336.4 , 36318.6 , 36628.5 , 36793.1 , 36811 , 36811 , 36811 , 36811 , 
99300.5 , 101326 , 101961 , 102915 , 104663 , 105043 , 105690 , 108488 , 108906 , 108993 , 108993 , 108993 , 109039 , 109042 , 
40137.4 , 43795.2 , 45540.6 , 48209.8 , 52599.5 , 57877.6 , 58812.9 , 59500.3 , 59605.4 , 59605.4 , 59605.4 , 59605.4 , 59605.4 , 59605.4 , 
9569.9 , 11791.5 , 12591.5 , 13582.2 , 14712.6 , 15465.2 , 15851.2 , 17776.5 , 18048 , 18113.6 , 18131.5 , 18131.5 , 18131.5 , 18131.5 , 
37157.1 , 40617.6 , 41829.6 , 44343.9 , 48360 , 53039.7 , 54158.1 , 55094.8 , 55255 , 55300.3 , 55374.5 , 55371.7 , 55401.2 , 55401.2 , 
39332.8 , 42547.7 , 43930.8 , 46360.8 , 50282.2 , 56290 , 57050.3 , 57823.1 , 57983 , 57987.8 , 58022.4 , 58022.4 , 58022.4 , 58022.4 , 
55158.5 , 57710.7 , 59694.1 , 61998.6 , 65119.6 , 71744.3 , 72573.2 , 73072.2 , 73166 , 73414.9 , 73414.9 , 73414.9 , 73414.9 , 73414.9 , 
131585 , 134441 , 136076 , 138562 , 141126 , 142922 , 143616 , 148865 , 149374 , 149672 , 149675 , 149675 , 149675 , 149675 , 
188656 , 188733 , 188812 , 188845 , 188879 , 190989 , 190991 , 191062 , 191062 , 191062 , 191062 , 191062 , 191062 , 191062 , 
77939 , 81364.2 , 84224.8 , 86859.1 , 90503.9 , 101300 , 102375 , 103086 , 103148 , 103148 , 103148 , 103196 , 103196 , 103196 , 
41567.8 , 44971.2 , 47100.9 , 50221.4 , 54996.8 , 62099.6 , 63779 , 65755.9 , 66279.2 , 66331.5 , 66331.8 , 66450.2 , 66450.2 , 66450.2 , 
56580.1 , 59645 , 61137.2 , 64389.9 , 67691.3 , 73619.4 , 74980.3 , 76899.3 , 77620.7 , 77625.6 , 77625.6 , 77631.1 , 77631.1 , 77631.1 , 
16656.1 , 19451.1 , 20792.9 , 22985.2 , 25374.5 , 26765.5 , 27341.2 , 29738.9 , 30018.1 , 30079 , 30110.6 , 30110.6 , 30110.6 , 30110.6 , 
132429 , 135177 , 136923 , 139238 , 141770 , 143085 , 144481 , 150538 , 151562 , 151702 , 151705 , 151705 , 151705 , 151705 , 
94483.2 , 97655.9 , 99897.6 , 102453 , 106773 , 114344 , 114971 , 116346 , 116894 , 117023 , 117083 , 117140 , 117140 , 117140 , 
11306.4 , 13528 , 14089.7 , 15712.7 , 17643.7 , 18715.8 , 19170 , 21332.1 , 21574.1 , 21641.6 , 21641.6 , 21641.6 , 21662.9 , 21662.9 , 
86315.1 , 89996.7 , 91986.9 , 95022.7 , 99633.1 , 108175 , 108719 , 110073 , 110293 , 110404 , 110578 , 110578 , 110578 , 110578 , 
244827 , 266599 , 281393 , 299077 , 325949 , 342892 , 356412 , 369720 , 376384 , 379419 , 380792 , 380929 , 381178 , 381178 , 
921898 , 926944 , 929161 , 933220 , 935356 , 935696 , 936180 , 951664 , 953321 , 953515 , 953515 , 953515 , 953711 , 953711 , 
167640 , 195434 , 205439 , 223675 , 250218 , 269390 , 287848 , 294944 , 300030 , 304421 , 307616 , 308700 , 309548 , 309548 , 
14483.2 , 18309.9 , 20334.9 , 23746.7 , 27171.4 , 28069.9 , 28776.2 , 30604.2 , 31036.5 , 31238.4 , 31344.9 , 31381 , 31381 , 31381 , 
45782.4 , 52945.5 , 57909.2 , 67126.7 , 82218.3 , 90699.7 , 96908.8 , 100921 , 102203 , 102713 , 103201 , 103263 , 103263 , 103263 , 
705667 , 720648 , 728645 , 743466 , 757775 , 765372 , 772791 , 786251 , 790148 , 795249 , 797791 , 797979 , 798326 , 798326 , 
20840.4 , 26657.4 , 29085.6 , 32243.4 , 36565.8 , 38851.3 , 39588.1 , 42349 , 42564.8 , 42873.7 , 42950.6 , 42953.8 , 42987.3 , 42992 , 
596594 , 618563 , 625743 , 638383 , 659336 , 671094 , 681043 , 690983 , 695270 , 698994 , 703193 , 703546 , 704178 , 704178 , 
704840 , 719350 , 729577 , 740832 , 758500 , 766455 , 772694 , 785460 , 789850 , 795762 , 797890 , 798070 , 798251 , 798260 , 
516847 , 539453 , 551655 , 567048 , 588576 , 608143 , 615608 , 620946 , 625498 , 629154 , 629778 , 630396 , 631039 , 631051 , 
23381.4 , 26176.2 , 28471.3 , 31648 , 36678.3 , 40235 , 44097 , 45979.7 , 46978.9 , 47899.4 , 48434 , 48749.5 , 48961.4 , 48962.9 , 
182967 , 185845 , 188284 , 192685 , 196495 , 197998 , 200421 , 203682 , 204501 , 205449 , 205640 , 205796 , 205801 , 205813 , 
232503 , 234492 , 235221 , 236665 , 238060 , 238444 , 238901 , 241955 , 242131 , 242217 , 242349 , 242390 , 242464 , 242464 , 
206336 , 209785 , 211441 , 213537 , 216666 , 217922 , 219796 , 222923 , 223822 , 224514 , 224628 , 224628 , 224628 , 224628 , 
163811 , 167559 , 169979 , 173901 , 179011 , 181515 , 183660 , 186466 , 187513 , 188215 , 188501 , 188617 , 188785 , 188785 , 
50091.2 , 54218.6 , 55869.1 , 59523.4 , 65405.4 , 69901.6 , 73516.9 , 75909.8 , 77110.9 , 78314.4 , 78930.9 , 79068.6 , 79337.2 , 79337.2 , 
32736.2 , 36367.8 , 38970.1 , 42516.1 , 47395.4 , 50848.2 , 54962.1 , 56427.5 , 57312.3 , 58612.6 , 59374.3 , 59638.6 , 59890.5 , 59867.6 , 
112252 , 118980 , 123342 , 128316 , 135166 , 141864 , 143288 , 143903 , 144336 , 144531 , 144696 , 144800 , 144916 , 144916 , 
26406.5 , 29871.9 , 31685.1 , 34796.4 , 38973.7 , 42409.9 , 45209.1 , 47332.3 , 48138.5 , 48985.9 , 49244.5 , 49322 , 49323.4 , 49335.7 , 
217206 , 229679 , 234826 , 244459 , 257562 , 271222 , 273438 , 275138 , 275727 , 276322 , 276614 , 276625 , 276678 , 276683 , 
315042 , 325633 , 330080 , 340262 , 350545 , 356613 , 362058 , 367641 , 370386 , 372231 , 373036 , 373202 , 373297 , 373297 , 
146552 , 156948 , 160667 , 169130 , 181748 , 192743 , 198059 , 201576 , 203749 , 207207 , 209197 , 209213 , 209329 , 209329 , 
152058 , 163761 , 169252 , 178194 , 191658 , 205137 , 211249 , 215848 , 218290 , 219777 , 221012 , 221448 , 221744 , 221744 , 
147420 , 160682 , 169009 , 178439 , 194920 , 207278 , 213490 , 217415 , 220277 , 221925 , 223318 , 224324 , 225010 , 225010 , 
471829 , 473971 , 475017 , 476457 , 477794 , 478692 , 479110 , 484722 , 485434 , 485608 , 485696 , 485696 , 485698 , 485789 , 
405091 , 409559 , 411904 , 414976 , 419827 , 421986 , 423947 , 430440 , 432269 , 433545 , 434168 , 434248 , 434248 , 434248 , 
156070 , 165232 , 168271 , 178310 , 190249 , 201259 , 206978 , 209869 , 212050 , 214153 , 216058 , 216625 , 217334 , 217344 , 
256069 , 264757 , 269398 , 279026 , 292491 , 304398 , 308069 , 311012 , 312430 , 313989 , 314616 , 314838 , 315023 , 315023 , 
54568.3 , 60837.6 , 65307.5 , 71413.8 , 81547.3 , 89190.8 , 96063.3 , 100767 , 103006 , 105063 , 105916 , 106029 , 106191 , 106191 , 
72744.5 , 82007.5 , 87385.3 , 97669 , 111679 , 121879 , 131556 , 138437 , 140321 , 142763 , 144136 , 144145 , 144204 , 144204 , 
346336 , 360626 , 371652 , 384355 , 404971 , 428466 , 431856 , 433839 , 435263 , 435717 , 436417 , 436417 , 436417 , 436417 , 
188712 , 201450 , 210022 , 219787 , 235423 , 253804 , 260121 , 265270 , 268990 , 272792 , 274800 , 275457 , 275801 , 275801 , 
27691.9 , 33849.6 , 36266 , 41473.7 , 50149.4 , 55847.3 , 59472.2 , 62511.8 , 63675.8 , 64315.5 , 64509.3 , 64512.9 , 64556.3 , 64556.3 , 
66055.8 , 73243.7 , 77141.6 , 83727.6 , 95771.1 , 104517 , 113204 , 119270 , 122500 , 125723 , 127179 , 127496 , 127750 , 127739 , 
68444.7 , 78585.9 , 84016.4 , 95172.2 , 110761 , 120125 , 130376 , 134936 , 136945 , 139298 , 140904 , 141212 , 141291 , 141301 , 
130105 , 146660 , 156113 , 166872 , 185941 , 198207 , 209786 , 219024 , 223459 , 227538 , 230003 , 230199 , 230803 , 230803 , 
170121 , 181892 , 191959 , 205065 , 223922 , 239362 , 253141 , 259409 , 263447 , 268525 , 271543 , 272460 , 273726 , 273735 , 
536774 , 550586 , 556954 , 567531 , 581158 , 585764 , 590906 , 603535 , 606999 , 608811 , 608985 , 609095 , 609348 , 609348 , 
432086 , 449314 , 458791 , 469851 , 485297 , 497971 , 505276 , 510978 , 513042 , 515871 , 517850 , 518462 , 518607 , 518607 , 
308433 , 318213 , 323099 , 331114 , 343276 , 354250 , 358374 , 361034 , 362742 , 364172 , 364995 , 365915 , 367185 , 367291 , 
11464.4 , 13739.2 , 15197.3 , 17685 , 21712 , 24907.1 , 26690.6 , 28431.6 , 28972.3 , 29358.2 , 29448 , 29502.1 , 29522.4 , 29522.4 , 
200917 , 210750 , 215979 , 226452 , 240120 , 253004 , 258360 , 260541 , 263066 , 265245 , 266860 , 267892 , 268952 , 269025 , 
384293 , 393900 , 399396 , 406995 , 418170 , 423081 , 430072 , 433886 , 437274 , 439994 , 441381 , 442499 , 443641 , 443650 , 
6745.28 , 8243.26 , 9783.54 , 10936.8 , 12606.6 , 13767.9 , 14382.6 , 15215.2 , 15336.9 , 15417.4 , 15476.3 , 15491.3 , 15491.3 , 15491.3 , 
178186 , 189782 , 196037 , 203813 , 217802 , 231529 , 237903 , 241441 , 245266 , 247078 , 248598 , 249818 , 251462 , 251610 , 
447350 , 454517 , 456892 , 462738 , 470795 , 473403 , 477468 , 481824 , 483826 , 486036 , 487234 , 487332 , 487449 , 487449 , 
5117.18 , 6450.92 , 6824.72 , 7879.2 , 8560.38 , 8793.72 , 9084.4 , 9408.8 , 9467.88 , 9500.38 , 9550.22 , 9552.38 , 9561.04 , 9553.5 , 
156961 , 170346 , 175457 , 183335 , 198548 , 211191 , 221819 , 226586 , 231430 , 235054 , 237011 , 238690 , 240643 , 241172 , 
939658 , 950404 , 954950 , 963360 , 973740 , 976923 , 982355 , 992731 , 998326 , 1.00039e+06 , 1.00224e+06 , 1.00241e+06 , 1.00267e+06 , 1.00267e+06 , 
329577 , 349766 , 362627 , 379604 , 412554 , 439850 , 456515 , 466298 , 474877 , 482685 , 486453 , 491489 , 497200 , 497817 , 
46331.5 , 54077 , 58460.2 , 67111.1 , 76813.5 , 85300.3 , 93862 , 99008.3 , 102043 , 104324 , 105742 , 105972 , 106155 , 106155 , 
775313 , 791520 , 800989 , 812585 , 830153 , 837954 , 849120 , 859806 , 866030 , 871420 , 874058 , 876037 , 877318 , 877374 , 
158621 , 181911 , 190922 , 204838 , 229877 , 247944 , 270450 , 279170 , 287768 , 294895 , 298153 , 301063 , 304243 , 305032 , 
586690 , 606853 , 619092 , 635333 , 661289 , 682543 , 687603 , 691694 , 693702 , 695920 , 696693 , 696819 , 696819 , 696819 , 
592106 , 609558 , 621594 , 642468 , 669472 , 691344 , 698254 , 702313 , 705313 , 707588 , 708346 , 708677 , 709580 , 709580 , 
20460.3 , 25928 , 27818.3 , 31576.4 , 36567.3 , 39981.6 , 41725.6 , 44207.2 , 44491.4 , 44988 , 45130.9 , 45182.5 , 45212.5 , 45212.5 , 
623191 , 640635 , 654040 , 671373 , 698526 , 715333 , 728043 , 733749 , 738881 , 743792 , 747982 , 749937 , 752414 , 752432 , 
626839 , 644236 , 651265 , 675016 , 701220 , 721729 , 728934 , 735023 , 737292 , 740953 , 742537 , 743106 , 743790 , 743816 , 
