milestone, 1, 2, 3, 5, 10, 20, 30, 40, 50, 60, 70, 80, 90, 100
175437 , 180466 , 183277 , 186518 , 190748 , 193068 , 193681 , 202647 , 203644 , 203808 , 203808 , 203808 , 203808 , 203808 , 
56407.7 , 61113.2 , 64563 , 69990.6 , 77126.8 , 81232.1 , 83638.4 , 85915.1 , 86670 , 86952.4 , 87006.1 , 87006.1 , 87006.1 , 87006.1 , 
176380 , 180000 , 181189 , 183899 , 186667 , 187778 , 188666 , 198506 , 200176 , 200520 , 200612 , 200703 , 200782 , 200782 , 
219022 , 220393 , 220842 , 221926 , 223456 , 225536 , 225860 , 232155 , 232711 , 233187 , 233461 , 233638 , 233721 , 233721 , 
223815 , 225233 , 225681 , 227547 , 229110 , 230837 , 231161 , 236276 , 236575 , 236856 , 236947 , 236947 , 237046 , 237046 , 
47637.2 , 53819.4 , 56567.5 , 61556.2 , 68133.6 , 74058.6 , 76601.4 , 78888.9 , 79343.2 , 79639.5 , 79639.5 , 79639.5 , 79639.5 , 79639.5 , 
7519.08 , 8718.44 , 9099.36 , 9749.06 , 10120.8 , 10157.1 , 10159 , 10647.4 , 10698.4 , 10698.4 , 10698.4 , 10698.4 , 10698.4 , 10698.4 , 
41487.4 , 44761.9 , 46720.9 , 49868.9 , 55756.2 , 60516.9 , 62669.3 , 67683.9 , 68293.4 , 68348.1 , 68348.1 , 68348.1 , 68348.1 , 68348.1 , 
229121 , 231101 , 231518 , 231897 , 232210 , 232464 , 232571 , 236818 , 237182 , 238264 , 238537 , 238720 , 238720 , 238720 , 
17738.7 , 19174.1 , 19942.4 , 21365 , 23006.8 , 25491 , 25863.7 , 26114.2 , 26201.6 , 26206.9 , 26246.8 , 26246.8 , 26246.8 , 26246.8 , 
12625 , 14167.7 , 14741.1 , 15864.7 , 17323.3 , 18182.4 , 18643.9 , 19663.6 , 19916.7 , 19931.8 , 19933.9 , 19933.9 , 19933.9 , 19933.9 , 
53044.1 , 54054.2 , 54477.9 , 55226.8 , 55997.7 , 56186.5 , 56383.9 , 57580.3 , 57763.9 , 57820.6 , 57820.6 , 57820.6 , 57862.7 , 57862.7 , 
2450.5 , 2812.32 , 2970.96 , 3245.8 , 3560.7 , 3645.4 , 3699.6 , 3847.74 , 3842.42 , 3870.84 , 3882.34 , 3882.34 , 3882.34 , 3882.34 , 
45729.3 , 46725.2 , 47307 , 48173.4 , 49126.2 , 49728.8 , 50039.1 , 51492.9 , 51717.1 , 51808.4 , 51827 , 51827 , 51827.9 , 51830.3 , 
59886.6 , 60353.5 , 60575.3 , 60896 , 61182.9 , 61557.8 , 61645 , 61956.9 , 61962.5 , 62019.5 , 62026.2 , 62042.7 , 62042.7 , 62053.5 , 
28299 , 30444 , 31046.3 , 32529.3 , 34385.2 , 36975.5 , 37330.7 , 37614.4 , 37688.2 , 37753.4 , 37777.2 , 37777.2 , 37777.2 , 37777.2 , 
9206.42 , 10440.8 , 11086.4 , 12188.1 , 13494.9 , 14207.4 , 14527.4 , 15307.6 , 15469.4 , 15510.2 , 15519.5 , 15519.5 , 15519.5 , 15508.1 , 
14403.1 , 15747.6 , 16547.2 , 17363.4 , 18839.7 , 20010.7 , 20345 , 21402 , 21528 , 21611.9 , 21629.4 , 21629.4 , 21629.4 , 21629.4 , 
28467.6 , 29423 , 30028.5 , 31285 , 32773.1 , 35252.8 , 35688.4 , 36240.4 , 36332.5 , 36424.7 , 36424.7 , 36424.7 , 36424.7 , 36424.7 , 
77387.1 , 80055.2 , 81757.1 , 83526.4 , 86322 , 88634.1 , 89169.3 , 92380.2 , 92718.5 , 92793.6 , 92836.2 , 92836.2 , 92836.2 , 92836.2 , 
70290.5 , 73146.4 , 74795 , 76953.5 , 80581.3 , 82927 , 84016.6 , 86540.9 , 87219.4 , 87443 , 87482.1 , 87517.7 , 87519.6 , 87519.6 , 
97879.3 , 99476.2 , 100183 , 101428 , 103245 , 103806 , 104278 , 108527 , 108844 , 108993 , 109035 , 109035 , 109035 , 109035 , 
22162.7 , 24640.8 , 25763.6 , 28215.7 , 31122.3 , 32889.6 , 33785.2 , 35637.4 , 36004.6 , 36102.1 , 36113.1 , 36141.4 , 36156.5 , 36156.5 , 
99577.9 , 100768 , 101783 , 102959 , 104249 , 104947 , 105380 , 107517 , 108009 , 108103 , 108155 , 108239 , 108331 , 108331 , 
39767.4 , 43409.8 , 45175.3 , 47608.9 , 51355.6 , 55281.7 , 56508.3 , 57255.8 , 57597.6 , 57849.3 , 57901.9 , 57892.6 , 57958.5 , 57958.5 , 
10058.1 , 11377.6 , 12081.7 , 13207.4 , 14513.7 , 15244.6 , 15600.6 , 16704 , 16903.5 , 16939.1 , 16956.1 , 16987.4 , 17024.1 , 17024.1 , 
36394 , 38687.4 , 41051.7 , 43710 , 47552.5 , 51780.4 , 52681.8 , 53429.4 , 53788.8 , 53991.2 , 54052.4 , 54052.4 , 54052.4 , 54052.4 , 
38501.9 , 41223.7 , 43628.5 , 46244.9 , 49338.8 , 53007.8 , 53974.3 , 55196.2 , 55372.9 , 55644.7 , 55697.3 , 55697.3 , 55796.7 , 55796.7 , 
54503.6 , 57190.3 , 58809.7 , 61452.6 , 64605.7 , 68980.3 , 69344.7 , 70485.6 , 70570.3 , 70719.2 , 70751.8 , 70787.2 , 70787.2 , 70787.2 , 
130764 , 134055 , 135141 , 137382 , 140146 , 141531 , 142281 , 145745 , 146380 , 147090 , 147407 , 147483 , 147552 , 147552 , 
188598 , 188748 , 188784 , 188819 , 188856 , 190650 , 190711 , 190711 , 190711 , 190711 , 190711 , 190711 , 190711 , 190711 , 
74994.7 , 80298.6 , 82233 , 85379.8 , 89188.4 , 96191.5 , 97072.7 , 98280.9 , 98449.7 , 98500.5 , 98500.5 , 98500.5 , 98500.5 , 98500.5 , 
41171.2 , 44530.7 , 46774.1 , 49927.2 , 54564.6 , 57972.9 , 59915.5 , 63140.6 , 63718.2 , 63974 , 64042.6 , 64065.5 , 64197 , 64197 , 
54332.3 , 58968.9 , 60964.1 , 63927.5 , 67363.8 , 71310 , 72152.8 , 73715.1 , 74220.3 , 74516.4 , 74656.8 , 74656.8 , 74656.8 , 74656.8 , 
16327.3 , 18870.9 , 20306.6 , 22399.6 , 25078.4 , 26664.7 , 27331.8 , 29222.2 , 29428.6 , 29640.8 , 29671.8 , 29671.8 , 29671.8 , 29671.8 , 
131804 , 134917 , 136379 , 139088 , 141539 , 142718 , 143613 , 147809 , 148803 , 149199 , 149325 , 149325 , 149325 , 149325 , 
93492.8 , 97465.1 , 99278.9 , 102494 , 106163 , 111891 , 112711 , 114132 , 114271 , 114632 , 114632 , 114632 , 114632 , 114632 , 
11544.7 , 12724.2 , 13558.8 , 14836.4 , 17381.6 , 18477.3 , 19027 , 20511.8 , 20580.7 , 20654.2 , 20692.7 , 20693.4 , 20743.1 , 20743.1 , 
84515.8 , 88495.7 , 90602.4 , 94866 , 99104.8 , 105407 , 106131 , 107055 , 107122 , 107120 , 107173 , 107236 , 107236 , 107236 , 
239734 , 258595 , 268856 , 288678 , 315889 , 335705 , 351933 , 362019 , 365569 , 372552 , 374937 , 375511 , 376380 , 376380 , 
920322 , 925952 , 928908 , 932842 , 935133 , 935792 , 936214 , 947753 , 950150 , 950527 , 950715 , 950715 , 950902 , 950902 , 
167640 , 195434 , 205439 , 223675 , 250218 , 269390 , 287848 , 294944 , 300030 , 304421 , 307616 , 308700 , 309548 , 309548 , 
14483.2 , 18309.9 , 20334.9 , 23746.7 , 27171.4 , 28069.9 , 28776.2 , 30604.2 , 31036.5 , 31238.4 , 31344.9 , 31381 , 31381 , 31381 , 
45782.4 , 52945.5 , 57909.2 , 67126.7 , 82218.3 , 90699.7 , 96908.8 , 100921 , 102203 , 102713 , 103201 , 103263 , 103263 , 103263 , 
705667 , 720648 , 728645 , 743466 , 757775 , 765372 , 772791 , 786251 , 790148 , 795249 , 797791 , 797979 , 798326 , 798326 , 
20840.4 , 26657.4 , 29085.6 , 32243.4 , 36565.8 , 38851.3 , 39588.1 , 42349 , 42564.8 , 42873.7 , 42950.6 , 42953.8 , 42987.3 , 42992 , 
596594 , 618563 , 625743 , 638383 , 659336 , 671094 , 681043 , 690983 , 695270 , 698994 , 703193 , 703546 , 704178 , 704178 , 
704840 , 719350 , 729577 , 740832 , 758500 , 766455 , 772694 , 785460 , 789850 , 795762 , 797890 , 798070 , 798251 , 798260 , 
516847 , 539453 , 551655 , 567048 , 588576 , 608143 , 615608 , 620946 , 625498 , 629154 , 629778 , 630396 , 631039 , 631051 , 
23381.4 , 26176.2 , 28471.3 , 31648 , 36678.3 , 40235 , 44097 , 45979.7 , 46978.9 , 47899.4 , 48434 , 48749.5 , 48961.4 , 48962.9 , 
182967 , 185845 , 188284 , 192685 , 196495 , 197998 , 200421 , 203682 , 204501 , 205449 , 205640 , 205796 , 205801 , 205813 , 
232503 , 234492 , 235221 , 236665 , 238060 , 238444 , 238901 , 241955 , 242131 , 242217 , 242349 , 242390 , 242464 , 242464 , 
206336 , 209785 , 211441 , 213537 , 216666 , 217922 , 219796 , 222923 , 223822 , 224514 , 224628 , 224628 , 224628 , 224628 , 
163811 , 167559 , 169979 , 173901 , 179011 , 181515 , 183660 , 186466 , 187513 , 188215 , 188501 , 188617 , 188785 , 188785 , 
50091.2 , 54218.6 , 55869.1 , 59523.4 , 65405.4 , 69901.6 , 73516.9 , 75909.8 , 77110.9 , 78314.4 , 78930.9 , 79068.6 , 79337.2 , 79337.2 , 
32736.2 , 36367.8 , 38970.1 , 42516.1 , 47395.4 , 50848.2 , 54962.1 , 56427.5 , 57312.3 , 58612.6 , 59374.3 , 59638.6 , 59890.5 , 59867.6 , 
112252 , 118980 , 123342 , 128316 , 135166 , 141864 , 143288 , 143903 , 144336 , 144531 , 144696 , 144800 , 144916 , 144916 , 
26406.5 , 29871.9 , 31685.1 , 34796.4 , 38973.7 , 42409.9 , 45209.1 , 47332.3 , 48138.5 , 48985.9 , 49244.5 , 49322 , 49323.4 , 49335.7 , 
217206 , 229679 , 234826 , 244459 , 257562 , 271222 , 273438 , 275138 , 275727 , 276322 , 276614 , 276625 , 276678 , 276683 , 
315042 , 325633 , 330080 , 340262 , 350545 , 356613 , 362058 , 367641 , 370386 , 372231 , 373036 , 373202 , 373297 , 373297 , 
146552 , 156948 , 160667 , 169130 , 181748 , 192743 , 198059 , 201576 , 203749 , 207207 , 209197 , 209213 , 209329 , 209329 , 
152058 , 163761 , 169252 , 178194 , 191658 , 205137 , 211249 , 215848 , 218290 , 219777 , 221012 , 221448 , 221744 , 221744 , 
147420 , 160682 , 169009 , 178439 , 194920 , 207278 , 213490 , 217415 , 220277 , 221925 , 223318 , 224324 , 225010 , 225010 , 
471829 , 473971 , 475017 , 476457 , 477794 , 478692 , 479110 , 484722 , 485434 , 485608 , 485696 , 485696 , 485698 , 485789 , 
405091 , 409559 , 411904 , 414976 , 419827 , 421986 , 423947 , 430440 , 432269 , 433545 , 434168 , 434248 , 434248 , 434248 , 
156070 , 165232 , 168271 , 178310 , 190249 , 201259 , 206978 , 209869 , 212050 , 214153 , 216058 , 216625 , 217334 , 217344 , 
256069 , 264757 , 269398 , 279026 , 292491 , 304398 , 308069 , 311012 , 312430 , 313989 , 314616 , 314838 , 315023 , 315023 , 
54568.3 , 60837.6 , 65307.5 , 71413.8 , 81547.3 , 89190.8 , 96063.3 , 100767 , 103006 , 105063 , 105916 , 106029 , 106191 , 106191 , 
72744.5 , 82007.5 , 87385.3 , 97669 , 111679 , 121879 , 131556 , 138437 , 140321 , 142763 , 144136 , 144145 , 144204 , 144204 , 
346336 , 360626 , 371652 , 384355 , 404971 , 428466 , 431856 , 433839 , 435263 , 435717 , 436417 , 436417 , 436417 , 436417 , 
188712 , 201450 , 210022 , 219787 , 235423 , 253804 , 260121 , 265270 , 268990 , 272792 , 274800 , 275457 , 275801 , 275801 , 
27691.9 , 33849.6 , 36266 , 41473.7 , 50149.4 , 55847.3 , 59472.2 , 62511.8 , 63675.8 , 64315.5 , 64509.3 , 64512.9 , 64556.3 , 64556.3 , 
66055.8 , 73243.7 , 77141.6 , 83727.6 , 95771.1 , 104517 , 113204 , 119270 , 122500 , 125723 , 127179 , 127496 , 127750 , 127739 , 
68444.7 , 78585.9 , 84016.4 , 95172.2 , 110761 , 120125 , 130376 , 134936 , 136945 , 139298 , 140904 , 141212 , 141291 , 141301 , 
130105 , 146660 , 156113 , 166872 , 185941 , 198207 , 209786 , 219024 , 223459 , 227538 , 230003 , 230199 , 230803 , 230803 , 
170121 , 181892 , 191959 , 205065 , 223922 , 239362 , 253141 , 259409 , 263447 , 268525 , 271543 , 272460 , 273726 , 273735 , 
536774 , 550586 , 556954 , 567531 , 581158 , 585764 , 590906 , 603535 , 606999 , 608811 , 608985 , 609095 , 609348 , 609348 , 
432086 , 449314 , 458791 , 469851 , 485297 , 497971 , 505276 , 510978 , 513042 , 515871 , 517850 , 518462 , 518607 , 518607 , 
308433 , 318213 , 323099 , 331114 , 343276 , 354250 , 358374 , 361034 , 362742 , 364172 , 364995 , 365915 , 367185 , 367291 , 
11464.4 , 13739.2 , 15197.3 , 17685 , 21712 , 24907.1 , 26690.6 , 28431.6 , 28972.3 , 29358.2 , 29448 , 29502.1 , 29522.4 , 29522.4 , 
200917 , 210750 , 215979 , 226452 , 240120 , 253004 , 258360 , 260541 , 263066 , 265245 , 266860 , 267892 , 268952 , 269025 , 
384293 , 393900 , 399396 , 406995 , 418170 , 423081 , 430072 , 433886 , 437274 , 439994 , 441381 , 442499 , 443641 , 443650 , 
6745.28 , 8243.26 , 9783.54 , 10936.8 , 12606.6 , 13767.9 , 14382.6 , 15215.2 , 15336.9 , 15417.4 , 15476.3 , 15491.3 , 15491.3 , 15491.3 , 
178186 , 189782 , 196037 , 203813 , 217802 , 231529 , 237903 , 241441 , 245266 , 247078 , 248598 , 249818 , 251462 , 251610 , 
447350 , 454517 , 456892 , 462738 , 470795 , 473403 , 477468 , 481824 , 483826 , 486036 , 487234 , 487332 , 487449 , 487449 , 
5117.18 , 6450.92 , 6824.72 , 7879.2 , 8560.38 , 8793.72 , 9084.4 , 9408.8 , 9467.88 , 9500.38 , 9550.22 , 9552.38 , 9561.04 , 9553.5 , 
156961 , 170346 , 175457 , 183335 , 198548 , 211191 , 221819 , 226586 , 231430 , 235054 , 237011 , 238690 , 240643 , 241172 , 
939658 , 950404 , 954950 , 963360 , 973740 , 976923 , 982355 , 992731 , 998326 , 1.00039e+06 , 1.00224e+06 , 1.00241e+06 , 1.00267e+06 , 1.00267e+06 , 
329577 , 349766 , 362627 , 379604 , 412554 , 439850 , 456515 , 466298 , 474877 , 482685 , 486453 , 491489 , 497200 , 497817 , 
46331.5 , 54077 , 58460.2 , 67111.1 , 76813.5 , 85300.3 , 93862 , 99008.3 , 102043 , 104324 , 105742 , 105972 , 106155 , 106155 , 
775313 , 791520 , 800989 , 812585 , 830153 , 837954 , 849120 , 859806 , 866030 , 871420 , 874058 , 876037 , 877318 , 877374 , 
158621 , 181911 , 190922 , 204838 , 229877 , 247944 , 270450 , 279170 , 287768 , 294895 , 298153 , 301063 , 304243 , 305032 , 
586690 , 606853 , 619092 , 635333 , 661289 , 682543 , 687603 , 691694 , 693702 , 695920 , 696693 , 696819 , 696819 , 696819 , 
592106 , 609558 , 621594 , 642468 , 669472 , 691344 , 698254 , 702313 , 705313 , 707588 , 708346 , 708677 , 709580 , 709580 , 
20460.3 , 25928 , 27818.3 , 31576.4 , 36567.3 , 39981.6 , 41725.6 , 44207.2 , 44491.4 , 44988 , 45130.9 , 45182.5 , 45212.5 , 45212.5 , 
623191 , 640635 , 654040 , 671373 , 698526 , 715333 , 728043 , 733749 , 738881 , 743792 , 747982 , 749937 , 752414 , 752432 , 
626839 , 644236 , 651265 , 675016 , 701220 , 721729 , 728934 , 735023 , 737292 , 740953 , 742537 , 743106 , 743790 , 743816 , 
