milestone, 1, 2, 3, 5, 10, 20, 30, 40, 50, 60, 70, 80, 90, 100
178355 , 181949 , 182818 , 183752 , 187493 , 192141 , 194295 , 202079 , 203423 , 203423 , 203423 , 203866 , 203866 , 203866 , 
54854.1 , 64305.5 , 64747.8 , 70496.9 , 75224.5 , 79387.7 , 82383.6 , 82911.4 , 83266.8 , 83827.2 , 84390.4 , 84390.4 , 84390.4 , 84390.4 , 
176592 , 179460 , 181097 , 182927 , 185638 , 186030 , 187074 , 193697 , 195468 , 196340 , 197214 , 197198 , 197225 , 197243 , 
217516 , 219000 , 219655 , 220128 , 221281 , 221677 , 221998 , 231953 , 233722 , 233722 , 233722 , 233722 , 233722 , 233722 , 
223385 , 224477 , 224908 , 225791 , 226298 , 227471 , 227803 , 236123 , 236106 , 237032 , 237032 , 237032 , 237032 , 237032 , 
47116.2 , 52988.2 , 54880 , 59108.2 , 66055.8 , 71914 , 74312.6 , 75735 , 76554.7 , 77348.9 , 78087.2 , 78121.4 , 78132.9 , 78132.9 , 
7313.2 , 8438.2 , 8590 , 9533.8 , 10131.3 , 10167.9 , 10170.7 , 10265.8 , 10262.7 , 10262.7 , 10262.7 , 10262.7 , 10262.7 , 10262.7 , 
41867.9 , 46796.3 , 48483.5 , 50217.6 , 56144.4 , 61565.3 , 62753.7 , 64819.6 , 64844.2 , 65353.8 , 65368.4 , 65607.7 , 65607.7 , 65607.7 , 
229292 , 229529 , 229574 , 229893 , 231713 , 232260 , 232354 , 238799 , 238799 , 239237 , 239685 , 241466 , 241466 , 241466 , 
16927.7 , 18949.2 , 19106.6 , 20750.9 , 22057.6 , 24836.5 , 25032.5 , 25462.8 , 25645 , 25645 , 25645 , 25645 , 25645 , 25645 , 
11659.9 , 13984.3 , 15210.6 , 16203.7 , 17403.2 , 18098.1 , 18482.2 , 19668.6 , 19779.1 , 19779.1 , 19779.1 , 19779.1 , 19779.1 , 19779.1 , 
52233.7 , 52929.1 , 53285.3 , 53648.5 , 54726.9 , 55358.3 , 55848.7 , 56523.7 , 56794.5 , 57233.7 , 57234 , 57544.8 , 57733 , 57733 , 
2669.9 , 2728.1 , 3082.8 , 3431.9 , 3604.8 , 3615.1 , 3674.2 , 3852.6 , 3864.5 , 3864.5 , 3864.5 , 3864.5 , 3864.5 , 3864.5 , 
45178.3 , 45679.9 , 46228.9 , 46897.9 , 47959 , 48798.8 , 49256.9 , 51241.1 , 51643.8 , 51783.8 , 51973 , 51973 , 51973 , 51973 , 
60207.6 , 60391.7 , 60560.8 , 60665.7 , 61061.1 , 61555.6 , 61670.5 , 62097.4 , 62115.4 , 62199.1 , 62195.8 , 62195.8 , 62298.6 , 62298.6 , 
26699 , 28971.2 , 29466.4 , 30989.2 , 32927.3 , 36193.7 , 36780.3 , 37573.9 , 37573.9 , 37573.9 , 37573.9 , 37573.9 , 37573.9 , 37573.9 , 
9105.7 , 10257.3 , 10532.2 , 12200.4 , 13423.6 , 14229.9 , 14586.7 , 14917.7 , 15130.6 , 15190.1 , 15209.7 , 15209.7 , 15209.7 , 15209.7 , 
14763.2 , 15631.9 , 16374.5 , 17297.4 , 18806.7 , 19705.6 , 20112.6 , 20633 , 20731.9 , 20969.3 , 21099.9 , 21092.6 , 21118.2 , 21118.2 , 
28725.7 , 29292.2 , 30273.4 , 31023.1 , 32384.1 , 35920.4 , 36743.8 , 36743.8 , 36743.8 , 36743.8 , 36743.8 , 36743.8 , 36743.8 , 36743.8 , 
76705.8 , 78701.4 , 80025.3 , 81371.2 , 84447.1 , 87492.1 , 88302.2 , 92905.2 , 94018.2 , 94018.2 , 94018.2 , 94018.2 , 94018.2 , 94018.2 , 
71689.5 , 72972.6 , 73771 , 76013 , 78036.5 , 80364.5 , 81935 , 86474.6 , 88019 , 88019 , 88019 , 88019 , 88019 , 88019 , 
98056.3 , 98968.9 , 99290.1 , 100676 , 102098 , 102917 , 103834 , 106638 , 107125 , 107783 , 108488 , 108488 , 108488 , 108488 , 
21145.1 , 25040.2 , 25955.3 , 28162.6 , 31281.7 , 32627.1 , 33567.2 , 36061.5 , 36436.9 , 36606.4 , 36606.4 , 36606.4 , 36606.4 , 36606.4 , 
99053.5 , 100234 , 100690 , 101302 , 102042 , 103190 , 103638 , 108508 , 109997 , 109997 , 109997 , 109997 , 109997 , 109997 , 
40673 , 43263 , 45249.8 , 47405.2 , 50513.8 , 57252.5 , 58003 , 58517.1 , 58717.1 , 58717.1 , 58717.1 , 58717.1 , 58717.1 , 58717.1 , 
10218.8 , 12324.8 , 12949 , 13113 , 14908.3 , 15927.1 , 16380.7 , 17010.7 , 17012.5 , 17191.5 , 17191.5 , 17191.5 , 17191.5 , 17191.5 , 
38019.5 , 41706.6 , 42006.5 , 45620.9 , 48458.5 , 53169.2 , 53521.9 , 53763 , 54029.5 , 54166 , 54309.8 , 54309.8 , 54372 , 54309.8 , 
37282.9 , 39794.4 , 42208.7 , 44516.6 , 48616.4 , 54554.5 , 55245.4 , 55245.4 , 55245.4 , 55245.4 , 55245.4 , 55245.4 , 55245.4 , 55245.4 , 
55382.5 , 56266.9 , 58117.9 , 60204.6 , 62619.5 , 69614.9 , 70891.8 , 71378.8 , 71378.8 , 71378.8 , 71378.8 , 71378.8 , 71378.8 , 71378.8 , 
132514 , 134881 , 135241 , 137316 , 138849 , 140656 , 141650 , 146654 , 147872 , 147872 , 147872 , 147872 , 147872 , 147872 , 
188503 , 188539 , 188537 , 188562 , 188630 , 191814 , 191814 , 191814 , 191814 , 191814 , 191814 , 191814 , 191814 , 191814 , 
78581.9 , 80763.8 , 81970.6 , 84555.2 , 88603.8 , 101184 , 101840 , 101840 , 101840 , 101840 , 101840 , 101840 , 101840 , 101840 , 
37694 , 43080.3 , 45338.5 , 48469.8 , 53590.4 , 61788.5 , 62812.6 , 63865.5 , 63865.5 , 63865.5 , 63865.5 , 63865.5 , 63865.5 , 63865.5 , 
51729.9 , 57942.8 , 62070.9 , 63425.1 , 66338.7 , 74478 , 76287.9 , 77824.6 , 78297.2 , 78297.2 , 78297.2 , 78297.2 , 78297.2 , 78297.2 , 
17769.4 , 20825.7 , 22323.3 , 23283.7 , 25775.9 , 26712.7 , 27192.9 , 29493.1 , 29860.9 , 29860.9 , 29860.9 , 29860.9 , 29860.9 , 29860.9 , 
130407 , 135172 , 136592 , 137741 , 140379 , 141789 , 142684 , 144274 , 145202 , 145286 , 147465 , 149454 , 149463 , 149454 , 
91439.8 , 95529.1 , 97804.1 , 101210 , 104588 , 113266 , 114384 , 118863 , 119485 , 119776 , 119776 , 119776 , 119776 , 119776 , 
10375.4 , 12446.2 , 13602.1 , 15612 , 17194.1 , 18707.3 , 19485.8 , 20598.5 , 21070.1 , 21170.3 , 21170.3 , 21170.3 , 21170.3 , 21170.3 , 
84650.9 , 87263.3 , 90124.8 , 93681 , 97073.8 , 103114 , 105349 , 110120 , 111308 , 111308 , 111308 , 111308 , 111308 , 111308 , 
257165 , 276365 , 277746 , 307029 , 327265 , 350320 , 361885 , 364518 , 367244 , 368963 , 372732 , 372770 , 373019 , 374104 , 
916337 , 921827 , 924660 , 925378 , 932406 , 935906 , 936723 , 948036 , 951749 , 954705 , 955622 , 955622 , 955622 , 955622 , 
181979 , 198499 , 204800 , 226028 , 247576 , 264628 , 282657 , 286998 , 291563 , 293612 , 294382 , 294573 , 297618 , 297674 , 
15429.7 , 21865.5 , 22517.6 , 26020.9 , 28073.3 , 28689.6 , 28887.5 , 30179.3 , 30893.6 , 31025.6 , 31025.6 , 31025.6 , 31025.6 , 31025.6 , 
49533.9 , 57625.4 , 64550.7 , 75645.7 , 84880.4 , 91913.7 , 97898.2 , 103166 , 105685 , 105685 , 106036 , 106036 , 106036 , 106036 , 
699284 , 710390 , 720612 , 731173 , 752592 , 758067 , 764047 , 783417 , 790289 , 790444 , 791822 , 792846 , 793494 , 793616 , 
23986 , 27332.6 , 30308.4 , 34280.4 , 39160.2 , 39742.7 , 39942.5 , 43597.1 , 44017.5 , 44017.5 , 44213.7 , 44213.7 , 44213.7 , 44213.7 , 
588380 , 607498 , 617715 , 633539 , 654409 , 661635 , 672685 , 686153 , 695534 , 698655 , 707556 , 707556 , 707556 , 707556 , 
708649 , 721963 , 728343 , 736070 , 751495 , 758858 , 770046 , 796201 , 804914 , 804914 , 804914 , 804914 , 804914 , 804914 , 
532538 , 550406 , 553518 , 566841 , 583782 , 620506 , 627377 , 631102 , 631102 , 631102 , 631102 , 631102 , 631102 , 631102 , 
27326.7 , 30364.1 , 33042.4 , 34273.9 , 37951.1 , 41449 , 43450.8 , 45115 , 46064.7 , 46836.1 , 47438.3 , 47571.7 , 47644.6 , 47644.6 , 
181956 , 186335 , 188174 , 191955 , 194744 , 197533 , 199303 , 201064 , 202883 , 204039 , 204839 , 204839 , 204839 , 204839 , 
231828 , 233298 , 233312 , 234828 , 236075 , 236964 , 237727 , 238900 , 240459 , 241725 , 242186 , 242189 , 242218 , 242222 , 
207110 , 209642 , 211189 , 212685 , 215521 , 216300 , 217924 , 223154 , 225740 , 225740 , 225740 , 225740 , 225740 , 225740 , 
160663 , 164546 , 167679 , 170752 , 177085 , 178304 , 180913 , 187241 , 189158 , 189179 , 189384 , 189384 , 189384 , 189384 , 
53806.8 , 53304.1 , 57444.8 , 61468.8 , 66747.4 , 71294.1 , 73755.2 , 78179.6 , 78909 , 79559.1 , 80027.9 , 80027.9 , 80027.9 , 80027.9 , 
34035.2 , 36247.9 , 39390.2 , 41447.1 , 46949.5 , 50195.7 , 53541.8 , 56530.2 , 58267.7 , 58382.7 , 59292.3 , 59329.6 , 59403.7 , 59403.7 , 
115228 , 120261 , 126525 , 129169 , 134519 , 144165 , 146280 , 146280 , 146280 , 146280 , 146280 , 146280 , 146280 , 146280 , 
27924.7 , 30664.1 , 32591.3 , 37538.2 , 40447.1 , 42896.6 , 46168.5 , 47994.5 , 49352.8 , 49734.7 , 50541.1 , 50554.7 , 50700.7 , 50809.4 , 
224049 , 238186 , 241911 , 245071 , 255785 , 279334 , 280567 , 280567 , 280567 , 280567 , 280567 , 280630 , 281055 , 281417 , 
308791 , 323784 , 329159 , 335309 , 345727 , 348931 , 354772 , 369378 , 371438 , 371438 , 371438 , 371438 , 371438 , 371438 , 
152956 , 160842 , 163174 , 171565 , 185160 , 198606 , 202283 , 204156 , 205027 , 205037 , 205505 , 206423 , 206929 , 207364 , 
153230 , 165102 , 171780 , 177973 , 191340 , 209075 , 211697 , 215666 , 217319 , 217874 , 219811 , 219811 , 219811 , 219811 , 
154404 , 164710 , 167441 , 179728 , 194764 , 209026 , 214693 , 217859 , 219699 , 219699 , 219699 , 219699 , 219699 , 219699 , 
469687 , 472528 , 472784 , 473603 , 475987 , 476624 , 477311 , 488478 , 490300 , 490300 , 490300 , 490300 , 490300 , 490300 , 
401940 , 407474 , 409204 , 411676 , 417059 , 418040 , 420246 , 430303 , 434056 , 434939 , 436265 , 436476 , 438292 , 439071 , 
155298 , 166509 , 172396 , 181611 , 190077 , 206132 , 209907 , 210428 , 212667 , 214552 , 216962 , 216962 , 216962 , 216962 , 
254243 , 264906 , 270846 , 281651 , 291742 , 304998 , 307955 , 313796 , 316093 , 316093 , 316093 , 316093 , 316093 , 316093 , 
50352.8 , 57640.9 , 67180.2 , 74475.8 , 84016.9 , 89012.8 , 95740.8 , 100854 , 102961 , 104890 , 106772 , 106772 , 106772 , 106772 , 
73271.4 , 86838.5 , 97582.6 , 106585 , 119588 , 127710 , 135098 , 143684 , 146983 , 147296 , 147877 , 147877 , 147877 , 147877 , 
345398 , 359085 , 373580 , 384203 , 400442 , 420044 , 426200 , 432225 , 435338 , 436478 , 437658 , 437658 , 438940 , 438940 , 
189446 , 205965 , 212193 , 219653 , 238448 , 259443 , 265308 , 270619 , 272252 , 273330 , 274163 , 274995 , 278552 , 278552 , 
28601 , 36988 , 41813.2 , 45982.8 , 53184 , 57999.4 , 60863.9 , 61809.5 , 62699.3 , 63188.9 , 64545.3 , 64545.3 , 64904.8 , 64904.8 , 
65025.4 , 74771.8 , 79594.4 , 86064.5 , 96773.6 , 106038 , 115562 , 124597 , 129015 , 129956 , 130545 , 130545 , 130545 , 130545 , 
78435.6 , 84219.7 , 88582 , 100690 , 117053 , 123918 , 130799 , 139341 , 143049 , 143390 , 145868 , 145868 , 145868 , 145868 , 
127943 , 155688 , 157860 , 168668 , 189185 , 199340 , 212161 , 221531 , 226137 , 229172 , 232936 , 232936 , 232936 , 232936 , 
173053 , 185905 , 195918 , 205847 , 228880 , 244807 , 252299 , 260305 , 265039 , 267330 , 270504 , 270504 , 270504 , 270504 , 
545788 , 554752 , 559856 , 562572 , 576579 , 579198 , 585254 , 602677 , 606637 , 606637 , 606637 , 606637 , 606637 , 606637 , 
434028 , 451455 , 456126 , 468280 , 483026 , 496348 , 503028 , 510369 , 514076 , 516522 , 517140 , 517140 , 517140 , 517140 , 
313933 , 321091 , 328424 , 331900 , 343057 , 354857 , 360890 , 365284 , 366424 , 367192 , 367771 , 367771 , 367771 , 367771 , 
11915 , 13592.7 , 14427.8 , 16880.9 , 21054.4 , 24919.7 , 27471.3 , 29734.1 , 30264.4 , 30399.5 , 30485.2 , 30513.8 , 30659.8 , 30659.8 , 
207383 , 209477 , 214947 , 223453 , 238305 , 251692 , 253760 , 253760 , 254234 , 254409 , 254820 , 255939 , 256672 , 257273 , 
386729 , 391374 , 395346 , 404018 , 411523 , 419707 , 425971 , 434772 , 438439 , 438439 , 438439 , 438439 , 438439 , 438439 , 
7817.5 , 9839.9 , 10432.4 , 11797.4 , 13664.5 , 14199.3 , 14668.1 , 15027.2 , 15241 , 15263.7 , 15264.9 , 15429.1 , 15474.6 , 15425.4 , 
181914 , 189781 , 194588 , 203334 , 215356 , 232626 , 236052 , 237778 , 238671 , 239551 , 240183 , 240988 , 242264 , 243526 , 
448249 , 453351 , 455638 , 460617 , 467480 , 468986 , 472316 , 480261 , 483162 , 483162 , 483162 , 483162 , 483162 , 483162 , 
5160.4 , 7415.4 , 7677.7 , 8396.2 , 8639.3 , 9092.3 , 9134.4 , 9700.8 , 9735.4 , 9808.3 , 9858.1 , 9858.1 , 9858.1 , 9858.1 , 
159174 , 167031 , 172336 , 181095 , 192136 , 207446 , 213882 , 216333 , 217645 , 219397 , 220911 , 221713 , 223665 , 223665 , 
944772 , 950016 , 954878 , 962360 , 970909 , 973949 , 977846 , 985306 , 993451 , 996492 , 999587 , 1.00037e+06 , 1.00212e+06 , 1.00212e+06 , 
352425 , 365632 , 375142 , 390988 , 417248 , 442788 , 450326 , 453086 , 454528 , 456422 , 460987 , 460987 , 460987 , 460987 , 
54601.4 , 59220.2 , 58726.9 , 67383.8 , 79144.1 , 87754.4 , 94915.9 , 98334.8 , 101531 , 102708 , 103485 , 104179 , 104757 , 105069 , 
781500 , 785932 , 790416 , 806784 , 822062 , 832951 , 840386 , 849584 , 861151 , 862852 , 866136 , 866136 , 867155 , 867155 , 
181326 , 192118 , 197599 , 206821 , 235574 , 248766 , 267050 , 282236 , 287953 , 290913 , 292489 , 294484 , 300306 , 300306 , 
598670 , 608488 , 628229 , 636082 , 660017 , 678104 , 686547 , 697679 , 699985 , 701249 , 703185 , 703185 , 703185 , 703185 , 
610844 , 628745 , 627843 , 635005 , 658695 , 692519 , 698098 , 702455 , 706445 , 711502 , 714019 , 714019 , 714019 , 714019 , 
23580 , 24919.3 , 26602.3 , 30997.1 , 38410.4 , 40159.5 , 42542.3 , 45411.8 , 46180.7 , 46502.3 , 46656.2 , 46656.2 , 46656.2 , 46656.2 , 
626881 , 642789 , 656734 , 671885 , 694838 , 707536 , 722069 , 735943 , 745348 , 748384 , 749120 , 749120 , 749120 , 749120 , 
627182 , 663065 , 669196 , 683144 , 705083 , 720173 , 729051 , 733081 , 739705 , 742730 , 745235 , 746098 , 746243 , 747350 , 
