milestone, 1, 2, 3, 5, 10, 20, 30, 40, 50, 60, 70, 80, 90, 100
176299 , 178748 , 181364 , 183512 , 186208 , 191957 , 192850 , 196643 , 197865 , 198327 , 197880 , 197880 , 197880 , 197880 , 
52399 , 59762.3 , 61554 , 65508.9 , 72941.7 , 77802.9 , 79050.9 , 80771.7 , 80987.5 , 83085.3 , 83431.5 , 83709.8 , 83674.5 , 83674.5 , 
173874 , 176543 , 177492 , 180208 , 182926 , 184227 , 185756 , 194223 , 194622 , 195013 , 195463 , 195463 , 195463 , 195463 , 
217748 , 219671 , 219775 , 220401 , 221604 , 222079 , 222207 , 227287 , 227597 , 227597 , 227576 , 228059 , 228544 , 228544 , 
223142 , 224772 , 224965 , 225735 , 226718 , 227584 , 227791 , 232044 , 233338 , 234791 , 235234 , 235234 , 235234 , 235234 , 
48365.6 , 52104.9 , 54043.2 , 61246.1 , 65719.1 , 71000 , 72761.3 , 75558.5 , 76168.1 , 76428.7 , 77238.8 , 77238.8 , 77238.8 , 77238.8 , 
6911.3 , 8058.4 , 8773.9 , 9245.2 , 10101.5 , 10138.1 , 10150.2 , 10449.5 , 10449.5 , 10449.5 , 10449.5 , 10449.5 , 10449.5 , 10449.5 , 
41529.3 , 43268 , 45370.1 , 48555.9 , 52992 , 57202.3 , 60354.3 , 63306 , 64085.5 , 64583.2 , 64583.2 , 65073.3 , 65073.3 , 65073.3 , 
229170 , 229778 , 230055 , 230903 , 231719 , 233994 , 234359 , 239230 , 239231 , 239231 , 239656 , 239656 , 239656 , 239656 , 
17222.1 , 18619.1 , 19634.9 , 20750.1 , 22030.5 , 24035.8 , 24409.6 , 25062.5 , 25016.3 , 25016.3 , 25144.5 , 25144.5 , 25144.5 , 25144.5 , 
13043.3 , 13697.6 , 14022 , 15418.4 , 16566.1 , 17637.4 , 18257.5 , 18602.9 , 18738.1 , 18807.6 , 18834.9 , 18808.1 , 18834.9 , 18834.9 , 
51838.3 , 53315.6 , 53600.5 , 53829.8 , 54409.7 , 54761.7 , 55634.7 , 56522 , 56727.1 , 57183.2 , 57183.2 , 57183.2 , 57183.2 , 57183.2 , 
2434.5 , 2803.4 , 2754.2 , 3094.9 , 3459.9 , 3612 , 3662.7 , 3779.4 , 3791.2 , 3791.2 , 3791.2 , 3791.2 , 3791.2 , 3791.2 , 
44525.6 , 45834.2 , 46364.7 , 46693.2 , 47689.9 , 48218 , 48814.9 , 50076.6 , 50587.6 , 50587.6 , 50587.6 , 50587.6 , 50587.6 , 50587.6 , 
59953.3 , 60155.8 , 60509.8 , 60768.1 , 61047 , 61471.4 , 61541.2 , 61719.7 , 61748.1 , 61914.3 , 61914.3 , 61914.3 , 61914.3 , 61914.3 , 
26571.7 , 28962 , 29549 , 31477.3 , 32957.4 , 35894.6 , 36253.8 , 36542.9 , 36568.3 , 36688.5 , 37085.5 , 37085.5 , 37085.5 , 37085.5 , 
8350.8 , 9679.3 , 10250.7 , 11620.2 , 12849.6 , 13616.9 , 14220.1 , 15233.4 , 15345.4 , 15377.1 , 15613.6 , 15615.8 , 15615.8 , 15615.8 , 
14923.2 , 15878.5 , 16233.2 , 17097.5 , 18386.5 , 19680.8 , 20010.7 , 20162.5 , 20184 , 20699.1 , 20699.1 , 20705.1 , 20699.8 , 20700.9 , 
28398.9 , 29311.1 , 29585.4 , 30484 , 31355.1 , 33909.2 , 34169.5 , 34833.1 , 34956.7 , 34956.7 , 34956.7 , 35028.4 , 35028.4 , 35028.4 , 
77858.7 , 78490.9 , 79054.5 , 80701.4 , 82588.2 , 85759.2 , 86587.3 , 88468.7 , 89924.9 , 89924.9 , 89924.9 , 89924.9 , 89924.9 , 89924.9 , 
68242 , 71641.9 , 72927.2 , 75215.4 , 77084.5 , 78941.1 , 81144.3 , 83504 , 84210.1 , 84515.3 , 84531.3 , 85250.3 , 85259.3 , 85259.3 , 
97470.2 , 98143 , 98906 , 100161 , 101768 , 102532 , 104036 , 107598 , 108271 , 108533 , 108533 , 108533 , 108533 , 108533 , 
20549.2 , 23384.1 , 24981.8 , 27009 , 30159.9 , 32204.3 , 33456.5 , 34604.2 , 35239.3 , 35324.3 , 35324.3 , 35324.3 , 35324.3 , 35324.3 , 
98232.6 , 100458 , 100564 , 100930 , 102459 , 102733 , 103340 , 108217 , 108608 , 108608 , 108608 , 108608 , 108608 , 108608 , 
38210.7 , 43069.3 , 45123.4 , 47074.6 , 51155.3 , 54703.5 , 55540.7 , 57055.6 , 57123.1 , 57574.6 , 57730.5 , 57730.5 , 57730.5 , 57730.5 , 
10700.1 , 11378 , 12482.9 , 12996.4 , 14551.4 , 15063 , 15464.2 , 16490.7 , 16774.3 , 16948.3 , 16959 , 17042.5 , 17042.5 , 17042.5 , 
37858.1 , 40787 , 41008.3 , 43142.1 , 46373.1 , 50288.3 , 51310.9 , 52627.9 , 53296.7 , 53296.7 , 53296.7 , 53564.5 , 53564.5 , 53542.3 , 
37471.8 , 40280.5 , 41363.1 , 44532.7 , 47166.3 , 51626 , 53341.7 , 54294.2 , 54658.1 , 54710.2 , 54710.2 , 54710.2 , 54839 , 54839 , 
53217 , 55107.7 , 57045.6 , 59268.2 , 62115.7 , 67203.3 , 67381.8 , 68134.7 , 68134.7 , 68134.7 , 68134.7 , 68134.7 , 68134.7 , 68134.7 , 
131067 , 133407 , 135715 , 136958 , 138850 , 139635 , 140444 , 146074 , 146174 , 146281 , 146597 , 146597 , 146597 , 146597 , 
188516 , 188539 , 188539 , 188564 , 188591 , 191814 , 191814 , 191814 , 191814 , 191814 , 191814 , 191814 , 191814 , 191814 , 
75164.8 , 80838.9 , 81569.9 , 83634 , 87985.9 , 92667.3 , 94362.5 , 94960.3 , 95330.2 , 96545.5 , 97607.2 , 97607.2 , 97607.2 , 97607.2 , 
39370.7 , 43703.6 , 44327 , 47415.7 , 51281.7 , 56882.4 , 59420.3 , 62890.3 , 64372.7 , 64817.3 , 64817.3 , 64817.3 , 64817.3 , 64817.3 , 
54965.7 , 59442.9 , 60562 , 62320.6 , 65455.8 , 69080.6 , 70280.6 , 73740.8 , 75025.2 , 75089.4 , 75567.7 , 75567.7 , 75567.7 , 75567.7 , 
15238.9 , 17861.5 , 21904.5 , 22682.6 , 25112.9 , 26952.5 , 27451.7 , 28015 , 28459.3 , 28934.6 , 29116.2 , 29116.2 , 29116.2 , 29116.2 , 
131628 , 133260 , 133770 , 136548 , 139196 , 141110 , 141859 , 144657 , 145692 , 146050 , 146050 , 146050 , 146050 , 146050 , 
93235.5 , 95548.2 , 96799.4 , 99543.5 , 103768 , 108641 , 110345 , 111025 , 111554 , 113323 , 115720 , 115720 , 115988 , 115988 , 
10937.8 , 13499 , 13396.5 , 14545.2 , 17642.1 , 18709.3 , 19112.2 , 20669.8 , 20808.3 , 20808.3 , 20808.3 , 20808.3 , 20808.3 , 20808.3 , 
82979.9 , 87419.2 , 89746.3 , 92587.6 , 95965.9 , 102557 , 103452 , 105491 , 106642 , 106642 , 106642 , 106642 , 106642 , 106642 , 
227258 , 255654 , 259522 , 279377 , 308622 , 332116 , 349855 , 362090 , 367864 , 370532 , 371840 , 373227 , 374466 , 374485 , 
916342 , 918726 , 921804 , 924604 , 929956 , 931034 , 932623 , 945957 , 949805 , 951707 , 951706 , 951731 , 951766 , 951767 , 
172358 , 187840 , 206683 , 223475 , 239301 , 260610 , 275689 , 288307 , 292843 , 296420 , 297890 , 297928 , 299602 , 299670 , 
16127.5 , 20906.3 , 22638.3 , 24823.5 , 27618.1 , 28306 , 28761.5 , 30346.2 , 30656.1 , 30656.1 , 30656.1 , 30656.1 , 30656.1 , 30656.1 , 
43775.3 , 51125.9 , 58913.7 , 64192.3 , 80991.6 , 90754.3 , 96255.3 , 100281 , 101014 , 101769 , 102671 , 102671 , 102953 , 102953 , 
698901 , 712950 , 720158 , 730849 , 744904 , 747716 , 756239 , 772869 , 779067 , 779110 , 779160 , 780064 , 780064 , 780064 , 
20206.2 , 23384.3 , 27269.7 , 33050 , 36182.4 , 38806.5 , 39612.3 , 41481.5 , 42060.4 , 42248.2 , 42240.6 , 42240.6 , 42265.6 , 42240.6 , 
583942 , 595073 , 610403 , 626478 , 644871 , 666395 , 676834 , 692758 , 695444 , 696343 , 699495 , 699495 , 699495 , 699495 , 
696187 , 712925 , 714940 , 728661 , 743540 , 747813 , 754810 , 771991 , 777188 , 778101 , 778952 , 778952 , 778952 , 778952 , 
516846 , 540105 , 553189 , 562307 , 582676 , 605481 , 608636 , 613999 , 614771 , 614771 , 614771 , 614771 , 614771 , 614771 , 
23756.6 , 27961.5 , 31329.2 , 33265.2 , 36544.6 , 40795.3 , 43708.2 , 45001.5 , 46332.3 , 47209.9 , 48343.2 , 48523.9 , 48710.6 , 48710.6 , 
180149 , 186563 , 188726 , 190743 , 193007 , 195791 , 197340 , 199186 , 199874 , 200641 , 201915 , 201960 , 203017 , 202840 , 
231751 , 232049 , 233322 , 234181 , 235842 , 237796 , 238282 , 241514 , 242196 , 242478 , 242481 , 242502 , 242962 , 242962 , 
205965 , 208085 , 210121 , 211555 , 214379 , 215242 , 216336 , 221612 , 223187 , 223187 , 223187 , 223187 , 223187 , 223187 , 
159231 , 165679 , 167057 , 169716 , 174853 , 176482 , 178005 , 180228 , 181625 , 183014 , 183841 , 183841 , 183841 , 183841 , 
49712.2 , 54027.6 , 56139.4 , 59228.5 , 63197.2 , 68182.1 , 71191.4 , 73811.1 , 75874.9 , 77169 , 77647.9 , 77876.8 , 77882.1 , 77908.5 , 
33610.7 , 35976.5 , 37457.2 , 41339.4 , 45736.3 , 49553.8 , 52328.3 , 55467.4 , 56215.6 , 56862.9 , 57001.2 , 57001.2 , 57001.2 , 57080.8 , 
113470 , 117123 , 120934 , 125491 , 130361 , 138758 , 139608 , 139715 , 140621 , 142310 , 142720 , 143668 , 144322 , 144322 , 
26323.8 , 29455.8 , 31202.1 , 33470.1 , 37617.4 , 41551.5 , 44669.5 , 46431.2 , 47234.7 , 47710.2 , 47930.1 , 48170.1 , 48199.1 , 48363.9 , 
219090 , 231906 , 235918 , 243240 , 254131 , 264917 , 268348 , 268674 , 269090 , 269090 , 269090 , 269090 , 269090 , 269090 , 
313711 , 324342 , 333050 , 336406 , 347606 , 352029 , 356055 , 361602 , 364002 , 364387 , 364390 , 364390 , 364390 , 364390 , 
146705 , 154569 , 158432 , 167717 , 179438 , 187644 , 192563 , 197154 , 199732 , 203641 , 204750 , 206184 , 206805 , 206966 , 
153631 , 168860 , 173117 , 178828 , 191459 , 203312 , 209478 , 214884 , 216849 , 217486 , 218115 , 218207 , 218911 , 219011 , 
154630 , 168140 , 168673 , 178948 , 190687 , 207785 , 212126 , 213488 , 215251 , 216434 , 217669 , 217717 , 218670 , 218670 , 
470683 , 472143 , 472910 , 473456 , 475578 , 476044 , 476683 , 483988 , 484395 , 484395 , 484395 , 484395 , 484395 , 484395 , 
402446 , 405581 , 408280 , 411320 , 416880 , 417577 , 419381 , 426382 , 427525 , 427979 , 427979 , 427979 , 427979 , 427979 , 
152861 , 165635 , 169847 , 178389 , 186945 , 198880 , 203710 , 206412 , 207735 , 208879 , 210522 , 210752 , 211787 , 211787 , 
259556 , 268179 , 270301 , 276240 , 287168 , 294950 , 298838 , 303899 , 305246 , 305724 , 305723 , 306086 , 306240 , 306240 , 
50834.8 , 61344.6 , 64808.4 , 72321.4 , 79884.6 , 87062.4 , 92926.1 , 98679.4 , 101177 , 102704 , 103391 , 103932 , 104867 , 104878 , 
74444 , 84358.6 , 91980.5 , 97746.3 , 106604 , 118394 , 128090 , 132653 , 135414 , 141354 , 145201 , 145230 , 145257 , 145330 , 
346742 , 359338 , 362757 , 377266 , 391654 , 417184 , 421969 , 425465 , 425947 , 427200 , 427718 , 428431 , 433635 , 433635 , 
193376 , 207922 , 210652 , 219901 , 233263 , 248607 , 256350 , 263863 , 268215 , 271348 , 274159 , 275014 , 276425 , 276916 , 
30093.4 , 34148.3 , 35661.7 , 41800.1 , 50507.3 , 56432.4 , 59896.6 , 62088.1 , 62799 , 63777.1 , 64278.8 , 64278.8 , 64278.8 , 64278.8 , 
61352.1 , 66574.9 , 73961.4 , 78900 , 94022.2 , 102534 , 113491 , 119208 , 123189 , 125992 , 127430 , 130307 , 131528 , 131528 , 
71915.8 , 81368 , 89258.9 , 92870.1 , 107174 , 118516 , 126391 , 133415 , 136413 , 138412 , 140022 , 140963 , 141687 , 141687 , 
131988 , 150780 , 154868 , 171448 , 185792 , 201627 , 214438 , 222683 , 226468 , 227768 , 228130 , 228591 , 230051 , 230051 , 
173012 , 186028 , 190519 , 210210 , 226848 , 241162 , 250909 , 258349 , 262005 , 264390 , 266645 , 267242 , 267245 , 267262 , 
536991 , 542938 , 550486 , 560291 , 566911 , 572597 , 580215 , 590125 , 598693 , 600556 , 604504 , 603969 , 603969 , 603969 , 
438307 , 450122 , 456665 , 468214 , 477782 , 495527 , 501039 , 506372 , 506482 , 507149 , 507149 , 507149 , 507149 , 507149 , 
305706 , 316464 , 319985 , 328902 , 338995 , 355262 , 358070 , 359227 , 359528 , 359528 , 359528 , 359528 , 359528 , 359528 , 
11605.2 , 13710.5 , 17319.2 , 19268.4 , 23194.5 , 26020 , 27110.4 , 28483.4 , 28982.4 , 29164.6 , 29469.6 , 29469.6 , 29469.6 , 29469.6 , 
191631 , 207927 , 211366 , 221534 , 234943 , 246299 , 250780 , 254399 , 257072 , 260143 , 260431 , 260683 , 260747 , 260846 , 
385243 , 393238 , 391264 , 398616 , 407273 , 413840 , 420254 , 424722 , 428024 , 429965 , 433342 , 434143 , 434433 , 434433 , 
7242.7 , 8980.3 , 10667.3 , 11791.3 , 12494.9 , 13814 , 14360.1 , 14983.7 , 15051.9 , 15058 , 15032.6 , 15032.6 , 15071.1 , 15048.2 , 
178352 , 186278 , 191253 , 207714 , 220828 , 233832 , 237451 , 239553 , 242265 , 244617 , 247382 , 248667 , 250140 , 251214 , 
446035 , 452124 , 455831 , 460647 , 463757 , 467458 , 471409 , 477761 , 479935 , 479935 , 479935 , 479935 , 479935 , 479935 , 
4510.3 , 5819.4 , 6358 , 7684.6 , 8838.6 , 9011.7 , 9152.1 , 9535.2 , 9483.4 , 9499.8 , 9499.8 , 9550.4 , 9550.4 , 9550.4 , 
154081 , 163063 , 175771 , 181015 , 190081 , 201965 , 214484 , 221543 , 226334 , 231200 , 234854 , 236863 , 240040 , 240097 , 
935486 , 942933 , 949114 , 957965 , 967065 , 970786 , 973875 , 988642 , 993086 , 994166 , 995013 , 995144 , 995193 , 995229 , 
338881 , 350232 , 362159 , 381158 , 408811 , 432403 , 442954 , 447632 , 452482 , 456525 , 460763 , 463225 , 466920 , 467020 , 
46258.4 , 53202.7 , 59650.2 , 66611.3 , 74593.5 , 84889.8 , 94531.5 , 98134.1 , 101294 , 102771 , 104254 , 104439 , 104812 , 104935 , 
771870 , 789654 , 794639 , 805554 , 817564 , 826528 , 834443 , 839898 , 853110 , 854929 , 857012 , 858840 , 861327 , 861452 , 
156556 , 168505 , 178805 , 190718 , 216998 , 236305 , 252446 , 265331 , 275688 , 282659 , 293285 , 295604 , 297759 , 298242 , 
589744 , 609470 , 607722 , 627727 , 649963 , 664466 , 674323 , 677973 , 687079 , 692181 , 697876 , 698849 , 700039 , 700039 , 
602483 , 619286 , 628127 , 638658 , 658706 , 674506 , 682783 , 689006 , 691515 , 692609 , 694857 , 696519 , 697082 , 697873 , 
18533.9 , 24138 , 28063 , 31037.1 , 36419 , 39695.7 , 42719.6 , 43846.8 , 44357.6 , 44999.4 , 45179.6 , 45179.6 , 45179.6 , 45179.6 , 
624818 , 632999 , 641090 , 663754 , 686019 , 703376 , 711854 , 717720 , 723668 , 723668 , 723668 , 723668 , 723668 , 723668 , 
622804 , 638885 , 649652 , 669366 , 692742 , 712127 , 717524 , 725792 , 727163 , 730398 , 731198 , 732775 , 733810 , 735495 , 
