milestone, 1, 2, 3, 5, 10, 20, 30, 40, 50, 60, 70, 80, 90, 100
177142 , 178914 , 180923 , 185965 , 191014 , 194790 , 195545 , 205655 , 206088 , 206088 , 206088 , 206088 , 206088 , 206088 , 
53933.9 , 60390.4 , 62969.8 , 68750.2 , 76433.1 , 80589.5 , 83289.6 , 87066.9 , 87907.7 , 87907.7 , 87907.7 , 87907.7 , 87907.7 , 87907.7 , 
177774 , 181402 , 183259 , 184009 , 187692 , 188487 , 189252 , 199305 , 202005 , 202005 , 202005 , 202005 , 202005 , 202005 , 
217811 , 221134 , 221265 , 221488 , 223041 , 223723 , 224888 , 235334 , 236763 , 236763 , 236763 , 236763 , 236763 , 236763 , 
223030 , 224781 , 225476 , 227935 , 229547 , 229704 , 229843 , 235977 , 236922 , 237843 , 237843 , 237843 , 237843 , 237843 , 
41458.7 , 50808 , 55159.7 , 59111.9 , 67389.5 , 72481.2 , 75426.1 , 80973.1 , 81641.2 , 81641.2 , 81641.2 , 81641.2 , 81641.2 , 81641.2 , 
7485.2 , 8738 , 9556.4 , 10023.6 , 10136.8 , 10173.3 , 10200.8 , 10441.4 , 10533.4 , 10533.4 , 10533.4 , 10533.4 , 10533.4 , 10533.4 , 
38474.3 , 41411.8 , 45191.3 , 51609.1 , 56074 , 60911.6 , 63224.8 , 67455.1 , 68460.2 , 68460.2 , 68460.2 , 68460.2 , 68460.2 , 68460.2 , 
230040 , 231149 , 231428 , 231759 , 232088 , 232266 , 232517 , 235767 , 236243 , 238871 , 238860 , 239297 , 240227 , 240227 , 
17931 , 18701 , 19543.9 , 21319.9 , 23039 , 25310.7 , 25955.1 , 27086.4 , 27136.2 , 27136.2 , 27136.2 , 27136.2 , 27136.2 , 27136.2 , 
13841.1 , 14624.4 , 14940.6 , 15948.5 , 17232.3 , 18288 , 18923 , 20309.8 , 20490.9 , 20542.7 , 20542.7 , 20542.7 , 20542.7 , 20542.7 , 
53315.5 , 54205.2 , 54775.4 , 55211.5 , 56213.7 , 56312.1 , 56414 , 57687.3 , 58073.5 , 58178.4 , 58274.2 , 58274.2 , 58274.2 , 58274.2 , 
2772.2 , 2995.2 , 3253.5 , 3431.3 , 3652.9 , 3662.7 , 3689.5 , 3937.1 , 3965.9 , 3965.9 , 3965.9 , 3966.1 , 4011.1 , 4011.1 , 
45501.8 , 46337.9 , 47062.1 , 48011.7 , 49201.2 , 49606.8 , 49848.7 , 52432.1 , 53299.4 , 53299.4 , 53299.4 , 53299.4 , 53299.4 , 53299.4 , 
60172.1 , 60331 , 60633.5 , 60862.6 , 61162.2 , 62437.3 , 62508.9 , 62820.2 , 62836.5 , 62953.6 , 62953.6 , 62953.6 , 62953.6 , 62953.6 , 
27322.5 , 29942 , 30426.4 , 32625.5 , 34686.5 , 37352 , 37714.6 , 38226.1 , 38286.2 , 38355.6 , 38456.7 , 38456.7 , 38456.7 , 38456.7 , 
8540.4 , 10488.2 , 11702.3 , 12158.3 , 13437.7 , 14050.6 , 14410.6 , 15484 , 15571.2 , 15571.2 , 15571.2 , 15571.2 , 15571.2 , 15571.2 , 
13975.8 , 15431.1 , 15948.8 , 17265.1 , 18646.3 , 20131.4 , 20624.6 , 21735.9 , 21736.7 , 21811.5 , 21811.5 , 21811.5 , 21811.5 , 21811.5 , 
28906.7 , 29583.5 , 30426.7 , 32004.7 , 33029.9 , 35634 , 36262.3 , 37312.7 , 37364.5 , 37364.5 , 37364.5 , 37364.5 , 37364.5 , 37364.5 , 
77766.8 , 79994.2 , 81984.5 , 84547.9 , 86266.3 , 87096.9 , 87764.8 , 95070.1 , 95655.4 , 95655.4 , 95655.4 , 95655.4 , 95655.4 , 95655.4 , 
70057.9 , 74820.4 , 75118.5 , 76977.2 , 81038 , 83504.6 , 84256.4 , 88090.3 , 88750.7 , 88750.7 , 88750.7 , 88750.7 , 88750.7 , 88750.7 , 
98033.9 , 99744.9 , 100380 , 101676 , 103294 , 104112 , 104563 , 108809 , 109026 , 109394 , 109641 , 109641 , 109641 , 109641 , 
22003.8 , 25886.7 , 27045.2 , 28917.1 , 31543.1 , 34350.9 , 35032.4 , 36663.2 , 37252.3 , 37252.3 , 37252.3 , 37252.3 , 37252.3 , 37252.3 , 
100176 , 100654 , 101768 , 102819 , 104486 , 105300 , 105648 , 109356 , 109624 , 110085 , 110085 , 110085 , 110085 , 110085 , 
38725.2 , 41769.4 , 44688.1 , 48493 , 52338.8 , 58804.8 , 59397.9 , 60014.4 , 60180.2 , 60180.2 , 60180.2 , 60180.2 , 60180.2 , 60180.2 , 
9878.5 , 11778.5 , 12582.2 , 13185.6 , 14973.5 , 15357.1 , 15738 , 17761.6 , 17888.4 , 17978.1 , 18070.7 , 18070.7 , 18070.7 , 18070.7 , 
37174 , 39997.8 , 42064.6 , 44694.2 , 48732 , 54221.7 , 55453.9 , 56692.6 , 57293.6 , 57293.6 , 57293.6 , 57293.6 , 57293.6 , 57293.6 , 
36385.7 , 40474.3 , 42879.5 , 45984.5 , 49253.7 , 57755.6 , 58401.7 , 58833.7 , 58965.5 , 58965.5 , 58965.5 , 59019.5 , 59019.5 , 59019.5 , 
52316.4 , 56481.6 , 58739 , 61215.9 , 64848 , 70960.4 , 71616.1 , 72820.1 , 72820.1 , 72820.1 , 72820.1 , 72820.1 , 72820.1 , 72820.1 , 
132182 , 135381 , 136523 , 138477 , 141657 , 142485 , 143214 , 152874 , 153520 , 153520 , 153520 , 153520 , 153520 , 153520 , 
188847 , 188883 , 188883 , 188883 , 188993 , 191463 , 191463 , 191463 , 191463 , 191463 , 191463 , 191463 , 191463 , 191463 , 
76341.5 , 82055.5 , 83176 , 85970.1 , 90085.7 , 102052 , 103066 , 103582 , 103582 , 103582 , 103582 , 103582 , 103582 , 103582 , 
41676.2 , 47041 , 49560.2 , 53761.1 , 56464.8 , 60493.3 , 62492.4 , 66225 , 67137.5 , 67359 , 67359 , 67359 , 67359 , 67359 , 
57339 , 57055 , 61024.7 , 63654 , 68417.4 , 75628.4 , 76936.6 , 78574 , 79183 , 79197.1 , 79197.1 , 79197.1 , 79197.1 , 79197.1 , 
16868.7 , 20240.2 , 21282.8 , 23762 , 26160.3 , 27012.5 , 27721.3 , 30861.9 , 31151.1 , 31151.1 , 31151.1 , 31151.1 , 31151.1 , 31151.1 , 
130763 , 135618 , 136754 , 139996 , 143631 , 144395 , 144796 , 152593 , 152943 , 152944 , 153266 , 153266 , 153266 , 153266 , 
94952.4 , 99007.4 , 100598 , 102914 , 107686 , 112829 , 114425 , 117884 , 118830 , 118830 , 118830 , 118830 , 118830 , 118830 , 
11508.4 , 13277.9 , 14308.1 , 15796.6 , 18483.2 , 19314.5 , 19992.1 , 21378.5 , 22000.4 , 22000.4 , 22000.4 , 22000.4 , 22000.4 , 22000.4 , 
84636.4 , 88929.3 , 90408.7 , 94212.9 , 99522.2 , 107780 , 108879 , 111885 , 112456 , 112674 , 113014 , 113014 , 113014 , 113014 , 
245090 , 277004 , 277662 , 304799 , 325587 , 354968 , 363851 , 374840 , 380388 , 380388 , 380388 , 380388 , 380388 , 380388 , 
919352 , 922774 , 928729 , 932661 , 935483 , 936245 , 936467 , 958632 , 959542 , 959542 , 959542 , 959542 , 959542 , 959542 , 
178457 , 209078 , 219249 , 234472 , 261458 , 276323 , 293734 , 303182 , 309542 , 312638 , 316152 , 316152 , 316152 , 316152 , 
15438.3 , 19562.2 , 21401.9 , 24238.6 , 27964.9 , 28753.5 , 29191.9 , 31758.2 , 32374 , 32374 , 32374 , 32374 , 32374 , 32374 , 
52914 , 56311.7 , 61357.4 , 73197.6 , 89224.9 , 93894 , 99950.1 , 103895 , 105054 , 106243 , 106243 , 106243 , 106243 , 106243 , 
719776 , 726305 , 735856 , 749203 , 765355 , 769513 , 777512 , 804264 , 810531 , 811361 , 812222 , 812222 , 812222 , 812222 , 
19897.8 , 26488.7 , 26096.4 , 32231.8 , 37353.7 , 39510 , 39855.9 , 43870.2 , 44280.3 , 44280.3 , 44280.3 , 44280.3 , 44280.3 , 44280.3 , 
600437 , 617800 , 624114 , 631548 , 665170 , 678468 , 687905 , 708048 , 718144 , 722310 , 724111 , 724111 , 724111 , 724111 , 
698116 , 707533 , 715572 , 742997 , 760974 , 777023 , 783685 , 809311 , 816717 , 818342 , 819229 , 819229 , 819229 , 819229 , 
531369 , 546412 , 554039 , 576362 , 597744 , 619921 , 628024 , 643796 , 649590 , 655250 , 656824 , 656824 , 656824 , 656824 , 
22308.4 , 26057.1 , 27804 , 30760.7 , 37608.5 , 40666 , 44821.3 , 47706.5 , 49813.1 , 50792.3 , 51292.9 , 51292.9 , 51292.9 , 51292.9 , 
185570 , 188727 , 188963 , 192574 , 197148 , 201814 , 204055 , 209203 , 211096 , 211348 , 211348 , 211348 , 211348 , 211348 , 
233098 , 234798 , 235157 , 236987 , 238527 , 238996 , 239283 , 245150 , 245381 , 245381 , 245381 , 245381 , 245381 , 245381 , 
208257 , 211266 , 212821 , 214473 , 218267 , 219524 , 220438 , 226488 , 227526 , 227526 , 227526 , 227526 , 227526 , 227526 , 
162897 , 167580 , 171450 , 174059 , 181038 , 183678 , 185944 , 192457 , 193736 , 193948 , 193948 , 193948 , 193948 , 193948 , 
50541.8 , 56375.2 , 57666 , 61209.1 , 67927.9 , 70735.2 , 74799.8 , 78599.8 , 79096 , 79218 , 79246.3 , 79246.3 , 79246.3 , 79246.3 , 
33966.1 , 37321.4 , 37891.9 , 40072.5 , 48085.2 , 51759.3 , 56457.9 , 58231.4 , 60146.4 , 61383.4 , 61630.3 , 61630.3 , 61741.8 , 61741.8 , 
114006 , 120313 , 122585 , 128519 , 137404 , 146987 , 149190 , 150034 , 150065 , 150065 , 150065 , 150065 , 150065 , 150065 , 
29182.8 , 31541.8 , 32804.9 , 35361.1 , 42019.6 , 44191.6 , 46010.3 , 49126 , 50646 , 51242.5 , 51479.7 , 51479.7 , 51479.7 , 51479.7 , 
214280 , 226519 , 232624 , 244710 , 259213 , 281341 , 284787 , 285828 , 285828 , 285828 , 285828 , 285828 , 285828 , 285828 , 
316170 , 325653 , 332294 , 340130 , 351730 , 358282 , 365602 , 375089 , 378143 , 379487 , 379873 , 379873 , 379873 , 379873 , 
151952 , 159444 , 165971 , 171166 , 185455 , 199145 , 204652 , 208787 , 209948 , 211006 , 211006 , 211006 , 211006 , 211006 , 
157864 , 167196 , 172237 , 179388 , 197607 , 217502 , 224922 , 228696 , 230206 , 230253 , 230253 , 230253 , 230253 , 230253 , 
160388 , 166910 , 173234 , 183873 , 198099 , 218134 , 221634 , 225662 , 228052 , 228052 , 228080 , 228080 , 228080 , 228080 , 
473253 , 475078 , 475095 , 477244 , 478049 , 478707 , 478947 , 488495 , 489342 , 489793 , 489793 , 489793 , 489793 , 489793 , 
405547 , 410547 , 412786 , 417712 , 422098 , 424036 , 425183 , 436942 , 439537 , 440065 , 440528 , 440528 , 440528 , 440528 , 
163740 , 171527 , 174843 , 179615 , 195376 , 211360 , 213984 , 219507 , 220334 , 221076 , 221076 , 221076 , 221076 , 221076 , 
256148 , 269739 , 272866 , 282143 , 299425 , 310041 , 313226 , 321019 , 323788 , 324640 , 324640 , 324640 , 324640 , 324640 , 
57228.4 , 66591.6 , 71010.4 , 76612 , 85850.1 , 92114.2 , 99647.7 , 104834 , 107469 , 108978 , 110103 , 110103 , 110103 , 110103 , 
67355.7 , 91633.9 , 94389.1 , 102063 , 117807 , 125327 , 134100 , 145307 , 148432 , 149424 , 149424 , 149424 , 149424 , 149424 , 
345521 , 362184 , 368964 , 387605 , 409227 , 439738 , 445662 , 451963 , 453624 , 453624 , 453624 , 453624 , 453624 , 453624 , 
189324 , 203835 , 212624 , 221358 , 245575 , 272527 , 276364 , 279897 , 280738 , 281589 , 281589 , 281589 , 281589 , 281589 , 
33186.9 , 38905.6 , 39471.8 , 42498.8 , 50256.1 , 55218.5 , 60353.5 , 64628.1 , 66851 , 67859.9 , 67859.9 , 67859.9 , 67859.9 , 67859.9 , 
65623.4 , 73507.9 , 79262.2 , 85880.9 , 96177.4 , 104509 , 114431 , 122245 , 127475 , 130356 , 131657 , 131657 , 131657 , 131657 , 
67268.8 , 82773.9 , 85544.3 , 91352.5 , 112783 , 120970 , 132478 , 143466 , 144992 , 144992 , 144992 , 144992 , 144992 , 144992 , 
136685 , 154888 , 161195 , 173598 , 192547 , 205336 , 214776 , 230655 , 235166 , 237295 , 237691 , 237691 , 237691 , 237691 , 
158020 , 177755 , 188662 , 208146 , 229063 , 248067 , 256564 , 264122 , 267277 , 270714 , 271777 , 271777 , 271777 , 271777 , 
538871 , 556320 , 565281 , 577924 , 590562 , 592164 , 595269 , 615872 , 622521 , 624348 , 626444 , 626444 , 626444 , 626444 , 
441196 , 457002 , 461653 , 467707 , 486846 , 512987 , 519132 , 524794 , 532319 , 534854 , 535515 , 536119 , 536119 , 536119 , 
312980 , 319282 , 327277 , 335910 , 348666 , 364319 , 369664 , 371958 , 373339 , 374114 , 375679 , 375982 , 376286 , 376286 , 
13023.2 , 19670.3 , 20472.2 , 23395.7 , 25262.1 , 27067.2 , 27970.7 , 30564.5 , 30645.9 , 30869 , 30979.8 , 30979.8 , 30979.8 , 30979.8 , 
211572 , 216477 , 219783 , 229846 , 248225 , 266046 , 269052 , 270060 , 270060 , 270060 , 270060 , 270060 , 270060 , 270060 , 
391901 , 396244 , 399494 , 408904 , 421933 , 427472 , 436641 , 443031 , 444503 , 449236 , 451194 , 451194 , 451260 , 451260 , 
5697.4 , 9275.8 , 9852.3 , 11708.9 , 13951.3 , 14397.6 , 14739.8 , 15890.8 , 16065.2 , 16065.2 , 16065.2 , 16065.2 , 16065.2 , 16065.2 , 
172997 , 194721 , 200461 , 205737 , 224358 , 240115 , 245089 , 249824 , 252502 , 254321 , 255729 , 255808 , 256341 , 256341 , 
451806 , 453092 , 457907 , 463970 , 475097 , 476308 , 481178 , 490427 , 491704 , 492358 , 492358 , 492358 , 492358 , 492358 , 
5161.4 , 5910.1 , 7053 , 8079.6 , 8795.7 , 8971.2 , 9062.3 , 9769.1 , 9791.6 , 9860 , 9899.8 , 9899.8 , 9899.8 , 9899.8 , 
155077 , 171056 , 177215 , 187714 , 204883 , 219926 , 223254 , 228555 , 230790 , 231320 , 232013 , 232120 , 233141 , 233141 , 
942486 , 950981 , 961209 , 971605 , 979119 , 983597 , 989193 , 1.00888e+06 , 1.0178e+06 , 1.01851e+06 , 1.01851e+06 , 1.01851e+06 , 1.01851e+06 , 1.01851e+06 , 
341532 , 350907 , 366946 , 395222 , 425120 , 454130 , 469817 , 476284 , 483534 , 489963 , 495529 , 497066 , 500522 , 500522 , 
48025.9 , 54531.8 , 57908.9 , 67044.3 , 82157.5 , 89054.4 , 97216.9 , 106220 , 109289 , 110900 , 111075 , 111075 , 111075 , 111075 , 
780650 , 793104 , 795311 , 813304 , 835547 , 842355 , 856365 , 875318 , 884071 , 889748 , 895567 , 895635 , 895635 , 895635 , 
163656 , 187828 , 194926 , 218478 , 245142 , 256182 , 279206 , 291174 , 300049 , 302501 , 308446 , 309078 , 310629 , 310629 , 
604789 , 619289 , 623370 , 642117 , 665998 , 702088 , 708888 , 718288 , 718460 , 719051 , 719051 , 719051 , 719051 , 719051 , 
607127 , 630238 , 634644 , 644055 , 676179 , 704332 , 715494 , 725897 , 732190 , 734785 , 740479 , 740744 , 741832 , 741832 , 
23160.3 , 25129.1 , 27568 , 33088.2 , 39392.5 , 41661.8 , 42839.5 , 45612.3 , 45897.7 , 45897.7 , 45897.7 , 45897.7 , 45897.7 , 45897.7 , 
645338 , 652148 , 662702 , 688130 , 709470 , 725026 , 742703 , 762367 , 769029 , 772655 , 777516 , 777516 , 778058 , 778058 , 
644208 , 661037 , 673483 , 683627 , 713815 , 727398 , 743107 , 760372 , 766382 , 771663 , 777080 , 777080 , 777080 , 777080 , 
