milestone, 1, 2, 3, 5, 10, 20, 30, 40, 50, 60, 70, 80, 90, 100
169886 , 173360 , 174625 , 180823 , 186312 , 187618 , 187844 , 189027 , 189493 , 189862 , 190020 , 190063 , 190111 , 190572 , 
45989.1 , 50561.5 , 52251.3 , 55411.5 , 59998 , 64100.9 , 68845.5 , 70910.3 , 73102.4 , 73770.9 , 74608.7 , 75086.4 , 75401 , 76440.1 , 
171734 , 174905 , 175692 , 177962 , 180758 , 182623 , 182543 , 182915 , 183852 , 184092 , 184428 , 184621 , 184944 , 184819 , 
215786 , 216477 , 216480 , 217820 , 218896 , 220398 , 220090 , 220491 , 220393 , 220655 , 220990 , 221056 , 221068 , 221854 , 
221153 , 221738 , 221728 , 221866 , 222711 , 224795 , 224949 , 225376 , 226358 , 226724 , 227219 , 227917 , 228336 , 228478 , 
38656.7 , 41233.5 , 42097.8 , 46218.5 , 53168.5 , 58488.9 , 61497.4 , 63007.1 , 64448.6 , 65144.1 , 65871.3 , 66451.8 , 66625 , 67845.8 , 
34233.1 , 36980.1 , 38865.4 , 43085.5 , 47668.7 , 49544.9 , 50956.1 , 52366.7 , 52857.9 , 53633.8 , 54284.9 , 54976.2 , 55048.6 , 55872.8 , 
226554 , 226580 , 226671 , 228740 , 229272 , 230982 , 231286 , 231257 , 231408 , 231431 , 231260 , 231156 , 231667 , 231259 , 
15596.8 , 16482.9 , 17191.3 , 17724.4 , 18488.7 , 19274.2 , 19949.4 , 20615.1 , 20597.8 , 20869.7 , 21069.3 , 21463.8 , 21479.5 , 21693.5 , 
9143.6 , 10687.9 , 11309.5 , 11910.2 , 13468.4 , 14499.6 , 14967.9 , 15471.2 , 15516.9 , 15897.1 , 16097 , 16230.6 , 16201.2 , 16290.6 , 
51558.4 , 52407.2 , 52677.4 , 52938.2 , 53303.7 , 53695.9 , 53961.9 , 54163.2 , 54115.1 , 54410.8 , 54233.9 , 54216.1 , 54540.8 , 54607.8 , 
1434.2 , 1911.1 , 1939.2 , 2290.1 , 2653.8 , 3128.9 , 3232.9 , 3240 , 3220.6 , 3343 , 3306 , 3337.9 , 3272.3 , 3304 , 
44133.4 , 47654.8 , 48589 , 50455 , 50570.2 , 50861.9 , 50834.1 , 50831.8 , 51024.7 , 51058.6 , 51181.7 , 51159.2 , 51147.3 , 51142.7 , 
59714.8 , 59843.6 , 59949.9 , 60175.1 , 60073.4 , 60157.6 , 60143 , 60073.1 , 60201.1 , 60280.3 , 60189.5 , 60424.2 , 60512.7 , 60413.2 , 
26396.6 , 27249.8 , 27865.9 , 28763.7 , 30249 , 30797.9 , 31143.9 , 31854.1 , 32061.9 , 32095.1 , 32170.2 , 32479.4 , 32656.4 , 32790.2 , 
7122.3 , 7338.4 , 8063.8 , 8901.5 , 10007.8 , 10703.7 , 11010 , 11889 , 12189.8 , 12663.1 , 12767.6 , 12764.1 , 12724.9 , 13062 , 
