F01
215594
82968.2
218778
245808
247815
71630.1
12153.7
63080.9
249857
24781.9
18559.6
60358.7
4538.8
55110
64036.4
37490.4
14816.5
20111.1
37464.6
98339.1
87992.7
116397
35565.4
116534
55419.6
16355.5
51754.5
55561.6
72355.7
162494
192165
106954
60368.3
76928.2
28490.9
160496
123075
20023
115978
331478
981179
249086
32604.5
94544.4
809290
46142.9
691838
793295
623708
38399.3
209989
248915
235236
191600
67459.3
46465.4
143622
38813.6
266616
377969
191515
198541
208245
494805
449330
191562
310505
76724.2
122268
420181
250895
56643.4
103103
119495
182632
232729
620010
505876
357652
26913.6
242685
443701
15758.2
215693
487774
10051.7
198087
1.02752e+06
410753
75673.3
874841
240239
677153
694406
39515.7
724607
731340
