milestone, 1, 2, 3, 5, 10, 20, 30, 40, 50, 60, 70, 80, 90, 100
174855 , 177433 , 179268 , 183299 , 187317 , 190749 , 191198 , 192202 , 192455 , 192524 , 192650 , 192722 , 192724 , 192714 , 
57946.2 , 63892.2 , 65378.2 , 68012.1 , 73984.9 , 80042.5 , 81044.2 , 81126.9 , 81549.8 , 81753.6 , 81785.5 , 81765.4 , 81775 , 81791.2 , 
173952 , 177928 , 180892 , 183609 , 185477 , 186637 , 187924 , 188240 , 188446 , 188555 , 188661 , 188737 , 188817 , 188816 , 
217430 , 219162 , 220001 , 221192 , 222291 , 223276 , 223429 , 223432 , 223469 , 223668 , 223670 , 223685 , 223686 , 223713 , 
223329 , 223853 , 224493 , 225534 , 226747 , 228228 , 228398 , 228564 , 228774 , 228864 , 228934 , 228886 , 228927 , 228927 , 
48302.5 , 53014.1 , 56695.9 , 60640.8 , 65664.7 , 69907.4 , 72192.3 , 73051.4 , 73107.7 , 73353.2 , 73372.5 , 73381.4 , 73393.5 , 73390 , 
7796 , 8530.6 , 8996 , 9572.3 , 10121.1 , 10137.1 , 10153.3 , 10153 , 10156.1 , 10153 , 10153 , 10153 , 10153 , 10153 , 
39380.2 , 45690.2 , 49936 , 51671.9 , 56997 , 59930.3 , 61164.7 , 62124.5 , 62141.2 , 62391.6 , 62399.8 , 62412.2 , 62393.7 , 62409.8 , 
229165 , 229552 , 229715 , 230728 , 231371 , 231972 , 232214 , 232424 , 232426 , 232453 , 232533 , 232612 , 232539 , 232592 , 
16724.7 , 18367.3 , 18944.2 , 20703.4 , 22238.5 , 23456.8 , 23951.7 , 24268.7 , 24471.5 , 24626.2 , 24704.8 , 24699.9 , 24730.4 , 24762.9 , 
13494.5 , 13498.4 , 14207.1 , 15358.2 , 16975.8 , 17993 , 18202.7 , 18278.5 , 18317.4 , 18323.5 , 18326.8 , 18337.7 , 18338.6 , 18343.9 , 
52193.1 , 52802.1 , 53275 , 54062.5 , 54897.6 , 55553.3 , 56089 , 56163.1 , 56314.3 , 56348.4 , 56387.6 , 56456.1 , 56463.4 , 56466.4 , 
2689.7 , 2868.9 , 3234.8 , 3333.7 , 3617 , 3698.9 , 3698.9 , 3694.8 , 3703.5 , 3703.5 , 3703.5 , 3703.5 , 3703.5 , 3703.5 , 
45181.5 , 45929.8 , 46322.4 , 47180.4 , 48022.8 , 49128.2 , 49398.3 , 49590.7 , 49803.6 , 49918.2 , 50017.6 , 49971.7 , 49978.9 , 50008.8 , 
60230.1 , 60303.1 , 60323.3 , 60374.4 , 60804.7 , 61141.4 , 61187.3 , 61365.2 , 61399 , 61494 , 61494 , 61494 , 61494 , 61494 , 
28391.6 , 29733.2 , 30874.8 , 31911.9 , 33536.3 , 34741.7 , 35287.4 , 35635.4 , 35863.6 , 35965.7 , 35987.9 , 36008.7 , 36012.8 , 36021.4 , 
9579.9 , 10625.9 , 11233.4 , 11870.6 , 13346.9 , 14081.5 , 14317.8 , 14493.7 , 14515.9 , 14516.4 , 14520.5 , 14524.9 , 14520.7 , 14524.9 , 
14684.8 , 15710.5 , 16368.4 , 17380.7 , 18890.5 , 19682.7 , 20085.7 , 20236.7 , 20242.3 , 20274.4 , 20272.5 , 20258.9 , 20280.6 , 20280.6 , 
28461.4 , 29735.9 , 29874.6 , 31083.9 , 31697 , 33181.4 , 34065.2 , 34484.1 , 34747.7 , 34900.1 , 34996.5 , 35136.3 , 35129.9 , 35165.4 , 
75756.7 , 77343.1 , 79556.6 , 81806.9 , 84192.4 , 86117.3 , 86713.3 , 87553.7 , 87864.3 , 87960.9 , 88063.6 , 88061.9 , 88120.7 , 88111.6 , 
69441.6 , 72875.3 , 73403.8 , 74915.9 , 78433.3 , 81179.2 , 81950.5 , 82695.9 , 83065.3 , 83259 , 83352.1 , 83423.5 , 83419.7 , 83459.9 , 
96850.5 , 98008.8 , 99006.2 , 100312 , 101933 , 103166 , 103614 , 104090 , 104335 , 104625 , 104664 , 104647 , 104634 , 104663 , 
20187.3 , 24552.6 , 25101.7 , 27060.6 , 30579.4 , 32608.3 , 33420.4 , 33478 , 33548.5 , 33605.3 , 33684.5 , 33638.5 , 33618.4 , 33680.8 , 
98534 , 99635.1 , 100005 , 100636 , 102486 , 103561 , 104777 , 105152 , 105528 , 105632 , 105642 , 105799 , 105799 , 105799 , 
37528.1 , 41405.2 , 44099.3 , 45841.8 , 50615.9 , 53169.5 , 54697.8 , 55103.7 , 55637.7 , 55845.1 , 55901.5 , 55931.9 , 55919.3 , 56033.9 , 
10979.1 , 11847.6 , 12818.8 , 13695.3 , 14543.8 , 15721.2 , 15843.9 , 15895.2 , 15877.8 , 15939.9 , 15939.3 , 15949.9 , 15949.6 , 15949.6 , 
39166.5 , 40863.9 , 41919.3 , 42929.3 , 47155.6 , 50431.7 , 51264.6 , 51945 , 52380.3 , 52583 , 52633 , 52638.7 , 52654.2 , 52654.2 , 
37808.2 , 42629 , 43322.5 , 47516 , 49535.2 , 52020.4 , 53106.7 , 53427.5 , 53641.9 , 53612.4 , 53619.4 , 53669.7 , 53706.6 , 53764.5 , 
55401.8 , 57994.5 , 59261.8 , 60400.3 , 63799.1 , 66024.4 , 67298.6 , 67503.8 , 67719.2 , 67927.3 , 68004.8 , 68105.6 , 68169.9 , 68228.4 , 
132315 , 133909 , 136520 , 137543 , 139325 , 141155 , 142294 , 142953 , 143431 , 143510 , 143533 , 143585 , 143657 , 143627 , 
188457 , 188496 , 188521 , 188513 , 188630 , 188657 , 188657 , 188657 , 188657 , 188643 , 188643 , 188657 , 188657 , 188657 , 
74021.5 , 79014.8 , 79372.1 , 84450.9 , 90103.4 , 92525.6 , 93855.4 , 94245.4 , 94379.5 , 94476.2 , 94612.3 , 94654.3 , 94677.9 , 94731.2 , 
36492.8 , 45822.5 , 47021.3 , 49391.9 , 55443.8 , 58956.5 , 61063.1 , 61416.1 , 61398.6 , 61431.3 , 61602.5 , 61632.9 , 61661.9 , 61650.9 , 
55894.4 , 59761.3 , 61751 , 62511.4 , 66998.4 , 70105.8 , 70842.1 , 71607.3 , 71784.7 , 71809.6 , 71843.8 , 71846.3 , 71863.6 , 71930.1 , 
17851.5 , 19733.5 , 20075.7 , 23164.6 , 25639.6 , 27266.3 , 27482.4 , 27508.4 , 27528.1 , 27518.4 , 27522.6 , 27531 , 27548.5 , 27551.7 , 
134400 , 135282 , 136380 , 139059 , 140966 , 141918 , 142679 , 143435 , 144507 , 144632 , 144877 , 144872 , 144892 , 144872 , 
94275 , 96447.6 , 99407.7 , 102108 , 104753 , 107895 , 109275 , 109540 , 109739 , 109883 , 110124 , 110266 , 110292 , 110454 , 
12427 , 12696.6 , 13661.5 , 15800.1 , 17785.4 , 19152.3 , 19316.1 , 19361 , 19362.4 , 19359.8 , 19360.1 , 19387.5 , 19393.7 , 19382.8 , 
85223.6 , 88581.3 , 89618.4 , 92048.8 , 96621.9 , 100976 , 102503 , 103630 , 103906 , 103873 , 104006 , 104019 , 104041 , 104078 , 
237212 , 264918 , 270547 , 290580 , 323950 , 345843 , 358796 , 364260 , 369784 , 372890 , 374098 , 374730 , 375439 , 376181 , 
915074 , 921821 , 923624 , 925181 , 931706 , 933591 , 935376 , 935933 , 936062 , 936345 , 936395 , 936461 , 936570 , 936559 , 
160362 , 191340 , 194654 , 218615 , 241993 , 275031 , 287643 , 292334 , 297584 , 298870 , 301106 , 301857 , 302008 , 302113 , 
19111 , 21065.9 , 22489.5 , 24342.7 , 28024.4 , 29098.1 , 29107.9 , 29173.8 , 29161.9 , 29169.7 , 29166.9 , 29177 , 29181.6 , 29179.2 , 
55944.4 , 61723.4 , 61412.8 , 72915.1 , 89641.5 , 98038.8 , 100146 , 100287 , 100540 , 100538 , 100577 , 100587 , 100591 , 100619 , 
704219 , 718814 , 719155 , 737234 , 753039 , 762216 , 771249 , 772839 , 775978 , 777877 , 778395 , 778728 , 778889 , 779275 , 
22000.2 , 29294.9 , 32139.2 , 35604.7 , 38600.7 , 39832.3 , 40218.1 , 40223.9 , 40236.4 , 40261.1 , 40299.2 , 40459.9 , 40460.9 , 40468.6 , 
601697 , 619259 , 627092 , 646215 , 661362 , 673682 , 681876 , 684902 , 689107 , 691464 , 691994 , 692516 , 693076 , 693336 , 
690439 , 724434 , 725578 , 737760 , 753784 , 763179 , 769157 , 772062 , 775349 , 776807 , 777758 , 778241 , 778212 , 779199 , 
529932 , 546427 , 556068 , 568650 , 589619 , 609226 , 614122 , 618932 , 620204 , 620511 , 621626 , 621853 , 622537 , 622706 , 
22003.2 , 26780.2 , 29820.1 , 32458.4 , 37179.6 , 42813.6 , 45336.7 , 46932.8 , 47384.4 , 47795.3 , 47921.1 , 47914.3 , 48002.5 , 48022.4 , 
183256 , 187289 , 188438 , 190732 , 194357 , 197940 , 199516 , 200728 , 201351 , 201994 , 202385 , 202829 , 203090 , 203155 , 
231317 , 232221 , 233192 , 234672 , 236310 , 237527 , 238304 , 238569 , 238899 , 239074 , 239253 , 239256 , 239233 , 239301 , 
207150 , 209671 , 210818 , 212314 , 215120 , 217514 , 218499 , 219088 , 219574 , 220068 , 220304 , 220631 , 220750 , 220854 , 
160069 , 164635 , 168657 , 172273 , 176495 , 180511 , 182130 , 183253 , 184125 , 184770 , 185273 , 185449 , 185578 , 185638 , 
46470.6 , 50922 , 54125.8 , 57471 , 64575.4 , 70495.4 , 74473.3 , 76210.2 , 77352.4 , 78279.7 , 78524.4 , 78804.3 , 78939.2 , 79126.6 , 
33513.6 , 36974 , 38754 , 40741.7 , 46979.8 , 52164.9 , 54877 , 56380.5 , 57153.3 , 57389 , 57709.5 , 57884.8 , 57956.1 , 58054.1 , 
111951 , 116852 , 121339 , 126220 , 133999 , 139776 , 142365 , 144086 , 145262 , 146381 , 146888 , 147442 , 147671 , 147818 , 
24972.8 , 29796.8 , 30670.3 , 37647.1 , 41881.1 , 45726 , 47021 , 47971.1 , 48131.2 , 48384.2 , 48575.3 , 48702.8 , 48812.4 , 48958.4 , 
221250 , 236612 , 239019 , 243891 , 256558 , 268344 , 272505 , 274808 , 276550 , 278133 , 279852 , 280445 , 280842 , 281596 , 
320134 , 327889 , 331630 , 339258 , 348026 , 356100 , 360844 , 364773 , 365720 , 366556 , 367512 , 367873 , 368575 , 368963 , 
150038 , 155755 , 163719 , 167408 , 178646 , 194092 , 199946 , 203629 , 206135 , 207172 , 208646 , 209204 , 209546 , 209698 , 
153083 , 163307 , 171151 , 176513 , 190957 , 207086 , 214860 , 219172 , 221507 , 222676 , 223212 , 224183 , 224557 , 224794 , 
143472 , 157886 , 160720 , 176653 , 193565 , 207515 , 213236 , 217038 , 220208 , 223206 , 224407 , 224961 , 225470 , 225836 , 
471009 , 472293 , 472922 , 474246 , 476351 , 477563 , 478353 , 478554 , 478729 , 478710 , 479005 , 479026 , 478984 , 479029 , 
403259 , 408937 , 410180 , 413971 , 416662 , 421631 , 422464 , 423167 , 423863 , 424808 , 425174 , 425384 , 425323 , 425523 , 
157070 , 160739 , 167694 , 177156 , 187540 , 200380 , 206037 , 211054 , 213320 , 214781 , 216089 , 216880 , 217175 , 217615 , 
250901 , 258497 , 262255 , 271404 , 284815 , 298213 , 305317 , 309569 , 311300 , 312437 , 313637 , 314706 , 315781 , 315958 , 
53778.1 , 62535.4 , 64380 , 73373.9 , 86828.4 , 93825.3 , 98421.8 , 101015 , 102288 , 102960 , 103623 , 103763 , 104040 , 104071 , 
77791.5 , 83897.7 , 91442.9 , 94697.6 , 113614 , 125751 , 133061 , 136910 , 139712 , 140466 , 141396 , 142013 , 142285 , 142405 , 
345424 , 358498 , 366493 , 382783 , 400720 , 417336 , 425414 , 429520 , 433106 , 434557 , 436580 , 437616 , 439298 , 439751 , 
193424 , 208379 , 209457 , 224406 , 234734 , 251755 , 261210 , 268597 , 274319 , 278885 , 280643 , 281958 , 282565 , 283224 , 
31361.8 , 35887.8 , 36957.1 , 44649.9 , 51764.7 , 58550.6 , 60824.3 , 61291.9 , 61355.2 , 61429.2 , 61516.9 , 61516.7 , 61512.8 , 61544 , 
70809.7 , 74432.2 , 80861 , 85684.8 , 101084 , 111139 , 116993 , 120339 , 122601 , 124633 , 125265 , 125886 , 126501 , 126808 , 
68360.6 , 85772.4 , 86250.2 , 102503 , 114914 , 126598 , 132083 , 134582 , 135764 , 136365 , 136802 , 136720 , 137109 , 137162 , 
138379 , 156205 , 163950 , 172365 , 188190 , 205992 , 214982 , 221198 , 223729 , 225462 , 226404 , 227148 , 227190 , 227460 , 
170473 , 184451 , 188919 , 194932 , 220733 , 243843 , 253658 , 259902 , 262320 , 264428 , 266508 , 266718 , 267503 , 267542 , 
533251 , 546942 , 556190 , 565146 , 574665 , 585731 , 589490 , 592559 , 594037 , 594452 , 595092 , 595578 , 596817 , 597129 , 
429744 , 443690 , 451091 , 460935 , 481270 , 492907 , 500548 , 506313 , 509091 , 510350 , 511679 , 512451 , 512868 , 513215 , 
308918 , 317533 , 321675 , 329064 , 341641 , 353714 , 360050 , 363870 , 368199 , 370514 , 372396 , 373380 , 374409 , 375444 , 
12673.2 , 15815.9 , 16459.7 , 18691.2 , 24110.7 , 26083.7 , 27761.7 , 28322.5 , 28529.6 , 28611.2 , 28691.1 , 28785.1 , 28799.9 , 28803.7 , 
201508 , 211227 , 223450 , 232008 , 240543 , 254166 , 260413 , 264128 , 267673 , 269919 , 271711 , 273408 , 274683 , 275437 , 
388962 , 397098 , 403030 , 405856 , 414358 , 423192 , 427979 , 430890 , 433104 , 434992 , 437267 , 438942 , 439598 , 440222 , 
7050.1 , 9532.5 , 10720.3 , 12321.3 , 13682.7 , 14528.9 , 14753.3 , 14746.5 , 14751.6 , 14764 , 14764.3 , 14767.1 , 14767.1 , 14773.4 , 
179218 , 193500 , 193708 , 205168 , 218800 , 232556 , 241574 , 247494 , 252192 , 255452 , 258111 , 260660 , 262565 , 263446 , 
448614 , 450114 , 451497 , 456564 , 465974 , 471480 , 474404 , 476473 , 478018 , 478859 , 479910 , 480151 , 480662 , 481184 , 
4592.1 , 7277.9 , 7333.2 , 8395 , 9048.2 , 9062 , 9090.9 , 9117.8 , 9134.2 , 9128.5 , 9151.8 , 9151.8 , 9153.4 , 9153.4 , 
154016 , 166942 , 176408 , 187829 , 198121 , 213261 , 220880 , 228053 , 233019 , 237091 , 239817 , 241672 , 243839 , 244957 , 
944210 , 947878 , 953575 , 959202 , 970911 , 979174 , 981911 , 984882 , 986514 , 988436 , 989479 , 990152 , 990912 , 990789 , 
323681 , 344688 , 363051 , 374589 , 409392 , 441475 , 460817 , 469832 , 479834 , 486616 , 491618 , 495732 , 499810 , 501916 , 
43606.2 , 57587.4 , 60142.6 , 66156.6 , 79653.4 , 92802 , 98959.1 , 101798 , 103360 , 103908 , 104592 , 104652 , 104862 , 104870 , 
785400 , 787703 , 791847 , 807641 , 821118 , 838814 , 847011 , 853197 , 857384 , 860194 , 862374 , 863721 , 864862 , 866661 , 
171256 , 187310 , 198153 , 209547 , 234679 , 257705 , 270552 , 280970 , 288510 , 295103 , 299778 , 301129 , 302161 , 303194 , 
595396 , 603291 , 604231 , 630856 , 655594 , 678729 , 688434 , 695549 , 703364 , 706403 , 709843 , 712597 , 714467 , 715342 , 
600342 , 623774 , 630774 , 643836 , 674132 , 691339 , 700285 , 707320 , 711248 , 714749 , 717410 , 719995 , 721247 , 723863 , 
21579.9 , 26651.4 , 26862.9 , 29791 , 36872.3 , 41993.4 , 43315.6 , 43422.7 , 43428.6 , 43429.9 , 43429.9 , 43416 , 43416 , 43420.2 , 
625979 , 632664 , 646025 , 668458 , 689733 , 713218 , 724399 , 731779 , 738328 , 743363 , 746125 , 749896 , 752282 , 754376 , 
625831 , 649907 , 663472 , 680691 , 699636 , 722160 , 731957 , 738702 , 743262 , 745524 , 748075 , 749318 , 750824 , 752256 , 
