F01
192897
81736.7
189129
223956
229197
73915.4
10153
62274.1
232526
24639.7
18401.8
56483.2
3705
49933.6
61418.5
35942.2
14471.2
20263.3
35143.9
88119.2
83416.7
104678
33691.7
105757
56231.7
16007.6
52583.4
54002.7
68388.4
143419
188657
94426.6
61756.6
71649.7
27561
144670
110316
19397.1
103733
375753
936490
302244
29171.3
100426
778704
40149.6
693271
778594
621902
47957.7
203101
239219
220524
185655
79209.1
58464.7
147530
48876.9
281297
369066
208494
225722
224839
479022
425627
218174
313803
103564
141890
438635
283621
61539.9
126829
137135
227602
267538
596351
512460
375775
28779.9
274449
439655
14772.9
263393
481463
9226.8
245010
989316
502355
105200
865612
300485
715529
722318
43419.8
756605
750965
