milestone, 1, 2, 3, 5, 10, 20, 30, 40, 50, 60, 70, 80, 90, 100
181646 , 182195 , 183992 , 184365 , 184799 , 185310 , 185310 , 185310 , 185310 , 185310 , 185310 , 185310 , 185310 , 185310 , 
68264.9 , 72269.6 , 73044.7 , 73697.5 , 74305.2 , 74550.5 , 74557.3 , 74557.3 , 74557.3 , 74557.3 , 74557.3 , 74557.3 , 74557.3 , 74557.3 , 
180740 , 183040 , 183088 , 183138 , 183138 , 183138 , 183138 , 183138 , 183138 , 183138 , 183138 , 183138 , 183138 , 183138 , 
214938 , 214938 , 214938 , 214938 , 214938 , 214938 , 214938 , 214938 , 214938 , 214938 , 214938 , 214938 , 214938 , 214938 , 
220742 , 220742 , 220742 , 220742 , 220742 , 220742 , 220742 , 220742 , 220742 , 220742 , 220742 , 220742 , 220742 , 220742 , 
60759.1 , 65176.1 , 67163.9 , 67679.1 , 68180.2 , 68639 , 68639 , 68639 , 68639 , 68639 , 68639 , 68639 , 68639 , 68639 , 
8155.7 , 9413.1 , 9601.1 , 9857.6 , 9860.2 , 9863 , 9897 , 9897 , 9897 , 9897 , 9917.5 , 9917.5 , 9917.5 , 9917.5 , 
49558.7 , 53551.8 , 54220.4 , 55915.4 , 57622.3 , 58054.3 , 58054.3 , 58116.3 , 58116.3 , 58116.3 , 58116.3 , 58116.3 , 58116.3 , 58116.3 , 
226373 , 226373 , 226373 , 226373 , 226373 , 226373 , 226373 , 226373 , 226373 , 226373 , 226373 , 226373 , 226373 , 226373 , 
21217.8 , 22275.9 , 22585.8 , 22864 , 22875.1 , 22931.8 , 22931.8 , 22931.8 , 22931.8 , 22931.8 , 22931.8 , 22931.8 , 22931.8 , 22931.8 , 
16206.4 , 16883.9 , 17318 , 17631.3 , 17657.5 , 17657.5 , 17657.5 , 17657.5 , 17657.5 , 17657.5 , 17657.5 , 17657.5 , 17657.5 , 17657.5 , 
52425.1 , 52549.6 , 52674 , 52674 , 52674 , 52674 , 52674 , 52674 , 52674 , 52674 , 52674 , 52674 , 52674 , 52674 , 
2752.1 , 3020.4 , 3210.9 , 3395.4 , 3443.1 , 3455 , 3474.2 , 3506 , 3506 , 3506 , 3506 , 3506 , 3506 , 3515.6 , 
46839.2 , 47204 , 47255.4 , 47255.4 , 47403.9 , 47432.5 , 47432.5 , 47432.5 , 47432.5 , 47432.5 , 47432.5 , 47432.5 , 47432.5 , 47432.5 , 
59597.4 , 59597.4 , 59597.4 , 59597.4 , 59597.4 , 59597.4 , 59597.4 , 59597.4 , 59597.4 , 59597.4 , 59597.4 , 59597.4 , 59597.4 , 59597.4 , 
31542.2 , 32584 , 32981.5 , 33339.8 , 33618.4 , 33618.4 , 33618.4 , 33618.4 , 33618.4 , 33618.4 , 33618.4 , 33618.4 , 33618.4 , 33618.4 , 
11862.4 , 12972.3 , 13243.1 , 13598.6 , 13798.3 , 13804.3 , 13804.3 , 13804.3 , 13804.3 , 13804.3 , 13804.3 , 13804.3 , 13804.3 , 13804.3 , 
17559.6 , 18309.6 , 18653.7 , 18717.2 , 18874.3 , 18874.3 , 18874.3 , 18874.3 , 18874.3 , 19043.1 , 19043.1 , 19043.1 , 19043.1 , 19043.1 , 
31250.3 , 32150 , 32364.9 , 32784.1 , 32930 , 32930 , 32930 , 32930 , 32930 , 32930 , 32930 , 32930 , 32930 , 32930 , 
82026.9 , 83611.9 , 83676.8 , 84121.2 , 84325.1 , 84325.1 , 84325.1 , 84325.1 , 84325.1 , 84325.1 , 84325.1 , 84325.1 , 84325.1 , 84325.1 , 
76233.2 , 77357 , 77652.5 , 77975.2 , 78099.9 , 78099.9 , 78099.9 , 78099.9 , 78099.9 , 78099.9 , 78099.9 , 78099.9 , 78099.9 , 78099.9 , 
98933.4 , 99040.6 , 100132 , 100132 , 100132 , 100273 , 100273 , 100273 , 100273 , 100273 , 100273 , 100273 , 100273 , 100273 , 
27053.9 , 28844.3 , 29084.5 , 29889.4 , 30600.7 , 30600.7 , 30600.7 , 30600.7 , 30600.7 , 30600.7 , 30600.7 , 30600.7 , 30600.7 , 30600.7 , 
99695.4 , 99894.8 , 100253 , 100458 , 100551 , 100551 , 100551 , 100551 , 100551 , 100551 , 100551 , 100551 , 100551 , 100551 , 
45758.2 , 49899.6 , 50667.5 , 51020.9 , 51120.9 , 51120.9 , 51120.9 , 51120.9 , 51120.9 , 51120.9 , 51120.9 , 51120.9 , 51120.9 , 51120.9 , 
13337.9 , 14354.2 , 14650.6 , 14860.8 , 15033.7 , 15068.7 , 15136.3 , 15136.3 , 15136.3 , 15136.3 , 15136.3 , 15164.2 , 15164.2 , 15164.2 , 
43413.5 , 46529.4 , 46815 , 47021.2 , 47311.6 , 47453 , 47524.7 , 47560.2 , 47560.2 , 47560.2 , 47560.2 , 47560.2 , 47560.2 , 47560.2 , 
45616.6 , 48194.3 , 48902.5 , 49380 , 49830.5 , 49830.5 , 49830.5 , 49830.5 , 49830.5 , 49830.5 , 49830.5 , 49830.5 , 49830.5 , 49830.5 , 
60205.8 , 63188.3 , 63597.8 , 63963.1 , 64055.4 , 64055.4 , 64055.4 , 64055.4 , 64055.4 , 64055.4 , 64055.4 , 64055.4 , 64055.4 , 64055.4 , 
134260 , 135045 , 135045 , 135468 , 135861 , 135861 , 135861 , 135861 , 135861 , 135861 , 135861 , 135861 , 135861 , 135861 , 
188447 , 188447 , 188447 , 188447 , 188447 , 188447 , 188447 , 188447 , 188447 , 188447 , 188447 , 188447 , 188447 , 188447 , 
87310.5 , 88773.2 , 89047.8 , 89250.6 , 89683.9 , 89745.5 , 89745.5 , 89745.5 , 89745.5 , 89745.5 , 89745.5 , 89745.5 , 89745.5 , 89745.5 , 
49958.4 , 54643.6 , 55812.2 , 56554.1 , 56579.8 , 56579.8 , 56579.8 , 56579.8 , 56579.8 , 56579.8 , 56579.8 , 56579.8 , 56579.8 , 56579.8 , 
62927.5 , 65113.8 , 66069 , 67081.9 , 67770.7 , 67770.7 , 67770.7 , 67770.7 , 67770.7 , 67770.7 , 67770.7 , 67770.7 , 67770.7 , 67770.7 , 
22394.3 , 24693.2 , 25110.8 , 25481.6 , 25481.6 , 25481.6 , 25481.6 , 25481.6 , 25481.6 , 25481.6 , 25481.6 , 25481.6 , 25481.6 , 25481.6 , 
135218 , 135722 , 135722 , 135986 , 136881 , 136881 , 136881 , 136881 , 136881 , 136881 , 136881 , 136881 , 136881 , 136881 , 
102388 , 103835 , 104192 , 104342 , 104880 , 104880 , 104880 , 104880 , 104880 , 104880 , 104880 , 104880 , 104880 , 104880 , 
15945 , 17745 , 18174.1 , 18376.6 , 18624.7 , 18674.6 , 18674.6 , 18674.6 , 18674.6 , 18674.6 , 18674.6 , 18674.6 , 18674.6 , 18674.6 , 
92370.1 , 96849.7 , 97458.9 , 98043.5 , 98399.5 , 98431.2 , 98431.2 , 98431.2 , 98431.2 , 98431.2 , 98431.2 , 98431.2 , 98431.2 , 98431.2 , 
309207 , 322442 , 326575 , 334867 , 334867 , 335592 , 335592 , 335592 , 335592 , 335592 , 335592 , 335592 , 335592 , 335592 , 
908778 , 908778 , 908778 , 908778 , 908778 , 908778 , 908778 , 908778 , 908778 , 908778 , 908778 , 908778 , 908778 , 908778 , 
239979 , 259645 , 260778 , 262125 , 263944 , 264401 , 264401 , 264401 , 264401 , 264401 , 264401 , 264401 , 264401 , 264401 , 
21580.8 , 23302.8 , 24080.8 , 24169.2 , 25237.2 , 25679.7 , 25844.5 , 25920.9 , 25920.9 , 25920.9 , 25920.9 , 25920.9 , 25920.9 , 25929.6 , 
68860.8 , 77841.3 , 80707.7 , 82245.2 , 82777.1 , 83303.5 , 83303.5 , 83303.5 , 83303.5 , 83303.5 , 83303.5 , 83303.5 , 83303.5 , 83303.5 , 
738952 , 739643 , 739643 , 744393 , 746740 , 747486 , 747486 , 747486 , 747486 , 747486 , 747486 , 747486 , 747486 , 747486 , 
28778.9 , 32842.6 , 33782.9 , 34323.3 , 34934.5 , 34981.9 , 34981.9 , 34981.9 , 34981.9 , 34981.9 , 34981.9 , 34981.9 , 34981.9 , 34981.9 , 
640855 , 651874 , 653798 , 655522 , 656544 , 656544 , 656544 , 656544 , 656544 , 656544 , 656544 , 656544 , 656544 , 656544 , 
734791 , 739003 , 739003 , 739003 , 739886 , 739886 , 739886 , 739886 , 739886 , 739886 , 739886 , 739886 , 739886 , 739886 , 
560833 , 575926 , 581670 , 583696 , 585536 , 585536 , 585536 , 585536 , 585536 , 585536 , 585536 , 585536 , 585536 , 585536 , 
35934.8 , 40518.6 , 41366.1 , 42008.2 , 42093.2 , 42160.7 , 42160.7 , 42160.7 , 42160.7 , 42160.7 , 42160.7 , 42160.7 , 42160.7 , 42160.7 , 
188820 , 190592 , 191051 , 191051 , 191051 , 191051 , 191051 , 191051 , 191051 , 191051 , 191051 , 191051 , 191051 , 191051 , 
225391 , 225391 , 225391 , 225391 , 225391 , 225391 , 225391 , 225391 , 225391 , 225391 , 225391 , 225391 , 225391 , 225391 , 
205696 , 206891 , 207590 , 207590 , 207590 , 207590 , 207590 , 207590 , 207590 , 207590 , 207590 , 207590 , 207590 , 207590 , 
172431 , 173225 , 174071 , 174101 , 174911 , 174911 , 174911 , 174911 , 174911 , 174911 , 174911 , 174911 , 174911 , 174911 , 
63197.7 , 67468.5 , 68949.7 , 69983 , 70461.8 , 70461.8 , 70461.8 , 70461.8 , 70461.8 , 70461.8 , 70461.8 , 70461.8 , 70461.8 , 70461.8 , 
42845.7 , 46899.1 , 48917.6 , 49418.1 , 49605 , 49605 , 49605 , 49605 , 49605 , 49605 , 49605 , 49605 , 49605 , 49605 , 
127717 , 131781 , 132280 , 132543 , 133050 , 133050 , 133050 , 133050 , 133050 , 133050 , 133050 , 133050 , 133050 , 133050 , 
38313.5 , 41123.9 , 42193.7 , 42643.9 , 43561.7 , 43561.7 , 43580.9 , 43580.9 , 43580.9 , 43580.9 , 43580.9 , 43580.9 , 43580.9 , 43580.9 , 
243836 , 252168 , 255997 , 257686 , 259559 , 259702 , 259702 , 259702 , 259702 , 259702 , 259702 , 259702 , 259702 , 259702 , 
339811 , 341190 , 342204 , 342378 , 342492 , 342492 , 342492 , 342492 , 342492 , 342492 , 342492 , 342492 , 342492 , 342492 , 
173072 , 184412 , 185934 , 187351 , 187399 , 188336 , 188336 , 188336 , 188336 , 188336 , 188336 , 188336 , 188336 , 188336 , 
178454 , 194496 , 196112 , 197808 , 201469 , 201469 , 201469 , 201469 , 201469 , 201469 , 201469 , 201469 , 201469 , 201469 , 
181435 , 190313 , 192970 , 197251 , 199273 , 200804 , 201182 , 201182 , 201182 , 201182 , 201182 , 201182 , 201182 , 201182 , 
467001 , 467001 , 467001 , 467001 , 467001 , 467001 , 467001 , 467001 , 467001 , 467001 , 467001 , 467001 , 467001 , 467001 , 
401385 , 402882 , 402882 , 402882 , 402882 , 402882 , 402882 , 402882 , 402882 , 402882 , 402882 , 402882 , 402882 , 402882 , 
185089 , 193069 , 196803 , 197729 , 199313 , 199927 , 199927 , 199927 , 199927 , 199927 , 199927 , 199927 , 199927 , 199927 , 
281824 , 286105 , 288270 , 289273 , 289998 , 289998 , 289998 , 289998 , 289998 , 289998 , 289998 , 289998 , 289998 , 289998 , 
79103.6 , 86334.5 , 89325.6 , 90131 , 91347.8 , 91476.9 , 91476.9 , 91476.9 , 91476.9 , 91476.9 , 91476.9 , 91476.9 , 91476.9 , 91476.9 , 
108391 , 117857 , 121596 , 123006 , 123607 , 123607 , 123607 , 123607 , 123607 , 123607 , 123607 , 123607 , 123607 , 123607 , 
384626 , 392763 , 392978 , 397031 , 398062 , 398062 , 398062 , 398062 , 398062 , 398062 , 398062 , 398062 , 398062 , 398062 , 
231283 , 247757 , 251368 , 256135 , 257636 , 257672 , 257672 , 257672 , 257672 , 257672 , 257672 , 257672 , 257672 , 257672 , 
44482.6 , 49642.9 , 50415.3 , 51835.9 , 52365.8 , 52500 , 52500 , 52500 , 52500 , 52500 , 52500 , 52500 , 52500 , 52500 , 
95935.8 , 104132 , 106974 , 107519 , 110219 , 110219 , 110219 , 110219 , 110219 , 110219 , 110219 , 110219 , 110219 , 110219 , 
103793 , 114379 , 116105 , 119865 , 123289 , 123289 , 123289 , 123289 , 123289 , 123289 , 123289 , 123289 , 123289 , 123289 , 
179303 , 190335 , 197225 , 200023 , 202439 , 202439 , 202439 , 202439 , 202439 , 202439 , 202439 , 202439 , 202439 , 202439 , 
212284 , 231525 , 234909 , 237237 , 237844 , 237844 , 237844 , 237844 , 237844 , 237844 , 237844 , 237844 , 237844 , 237844 , 
556672 , 558743 , 560630 , 560630 , 560630 , 560630 , 560630 , 560630 , 560630 , 560630 , 560630 , 560630 , 560630 , 560630 , 
472305 , 481876 , 481876 , 482188 , 482188 , 482188 , 482188 , 482188 , 482188 , 482188 , 482188 , 482188 , 482188 , 482188 , 
336717 , 342992 , 343191 , 345405 , 345954 , 345954 , 345954 , 345954 , 345954 , 345954 , 345954 , 345954 , 345954 , 345954 , 
17100.2 , 21413 , 22495.6 , 22937.3 , 23075.4 , 23146.4 , 23146.4 , 23146.4 , 23146.4 , 23171.2 , 23171.2 , 23171.2 , 23171.2 , 23222.3 , 
234936 , 242729 , 244470 , 246842 , 247078 , 247078 , 247078 , 247078 , 247078 , 247078 , 247078 , 247078 , 247078 , 247078 , 
408098 , 411752 , 412309 , 413195 , 413323 , 414715 , 414715 , 414715 , 414715 , 414715 , 414715 , 414715 , 414715 , 414715 , 
10170.9 , 11457.5 , 12038.1 , 12207.1 , 12628.3 , 12836.5 , 12836.5 , 12836.5 , 12836.5 , 12836.5 , 12836.5 , 12836.5 , 12836.5 , 12836.5 , 
213871 , 226654 , 229216 , 229799 , 230870 , 231469 , 231469 , 231469 , 231469 , 231469 , 231469 , 231469 , 231469 , 231469 , 
451878 , 452755 , 452934 , 453835 , 453835 , 453835 , 453835 , 453835 , 453835 , 453835 , 453835 , 453835 , 453835 , 453835 , 
6941.5 , 7800.2 , 7847.5 , 7965.4 , 8025.6 , 8056.5 , 8104.1 , 8106.7 , 8106.7 , 8106.7 , 8106.7 , 8106.7 , 8106.7 , 8133.9 , 
189760 , 199681 , 202927 , 205183 , 207641 , 208433 , 208433 , 208433 , 208433 , 208433 , 208433 , 208433 , 208433 , 208433 , 
913804 , 913804 , 913804 , 913804 , 913804 , 913804 , 913804 , 913804 , 913804 , 913804 , 913804 , 913804 , 913804 , 913804 , 
396340 , 418657 , 424328 , 426954 , 430126 , 430126 , 430126 , 430126 , 430126 , 430126 , 430126 , 430126 , 430126 , 430126 , 
64760.3 , 74063.7 , 76480.2 , 80845.3 , 81786.3 , 81788 , 81788 , 81788 , 81788 , 81788 , 81788 , 81788 , 81788 , 81788 , 
805211 , 811523 , 814212 , 818026 , 818252 , 818252 , 818252 , 818252 , 818252 , 818252 , 818252 , 818252 , 818252 , 818252 , 
218315 , 238572 , 244352 , 248468 , 250625 , 250625 , 250625 , 250625 , 250625 , 250625 , 250625 , 250625 , 250625 , 250625 , 
638468 , 656767 , 657334 , 660199 , 660596 , 660596 , 660596 , 660596 , 660596 , 660596 , 660596 , 660596 , 660596 , 660596 , 
644261 , 658410 , 664963 , 668661 , 671778 , 671778 , 671778 , 671778 , 671778 , 671778 , 671778 , 671778 , 671778 , 671778 , 
27699.3 , 32640.5 , 34097.9 , 35594.5 , 36079.1 , 36310.5 , 36310.5 , 36310.5 , 36310.5 , 36310.5 , 36310.5 , 36310.5 , 36310.5 , 36310.5 , 
680560 , 688900 , 688900 , 690877 , 691787 , 692820 , 692820 , 692820 , 692820 , 692820 , 692820 , 692820 , 692820 , 692820 , 
684884 , 696911 , 698003 , 698260 , 699084 , 699084 , 699084 , 699084 , 699084 , 699084 , 699084 , 699084 , 699084 , 699084 , 
