F01
192828
81772.3
188851
223336
228527
73964.1
10140.7
62119.3
232395
24633.9
18341.1
56439.7
3702
49889.4
61476
35827
14460.8
20266.6
35086.2
87943.8
83482.9
104593
33660.8
105877
56290.6
16034.1
52626.2
54015.1
68275.4
143176
188657
94498.3
61672.6
71685.8
27574
144664
110376
19449.1
103861
375428
936371
301612
29217.4
100343
778893
40186
693007
778076
622908
48059
202830
239317
220488
186170
79535.1
58365.1
147786
48955.3
281423
368288
209270
225356
226597
478953
424912
217998
313945
104207
142128
439414
282796
61688
126602
137385
227713
267032
596243
512677
376836
28626.5
275694
440680
14780.5
263176
481176
9173.4
245758
988009
503728
104680
862783
301197
717151
720470
43435.9
755154
750186
