193262
81961
190257
225434
230009
74168
10153
62484
232754
24836
18369
56525
3702
50151
61494
36159
14657
20307
35333
88519
83742
104781
33856
105879
56452
16080
52487
54246
68480
143740
188657
94955
61066
72007
27616
144921
110937
19419
104204
378442
936862
303007
29222
100837
780100
39831
695725
782334
628847
48133
204441
239558
222057
187285
80109
58754
149347
49003
283937
370060
211045
225136
228338
479431
426755
220426
317748
104430
142585
442582
286503
61924
126596
137857
228789
269579
598432
516437
383377
28700
281777
444257
14863
269478
485232
9208
249769
994061
512987
105543
874415
305212
727451
732255
43295
765477
759870
