milestone, 1, 2, 3, 5, 10, 20, 30, 40, 50, 60, 70, 80, 90, 100
192714 , 192714 , 192714 , 192714 , 192714 , 192714 , 192714 , 192714 , 192714 , 192714 , 192714 , 192714 , 192714 , 192714 , 
81871 , 81871 , 81871 , 81871 , 81871 , 81871 , 81871 , 81871 , 81871 , 81871 , 81871 , 81871 , 81871 , 81871 , 
189199 , 189199 , 189199 , 189199 , 189199 , 189199 , 189199 , 189199 , 189199 , 189199 , 189199 , 189199 , 189199 , 189199 , 
222088 , 222088 , 222088 , 222088 , 222088 , 222088 , 222088 , 222088 , 222088 , 222088 , 222088 , 222088 , 222088 , 222088 , 
230009 , 230009 , 230009 , 230009 , 230009 , 230009 , 230009 , 230009 , 230009 , 230009 , 230009 , 230009 , 230009 , 230009 , 
74196 , 74196 , 74196 , 74196 , 74196 , 74196 , 74196 , 74196 , 74196 , 74196 , 74196 , 74196 , 74196 , 74196 , 
10108 , 10108 , 10108 , 10108 , 10108 , 10108 , 10108 , 10108 , 10108 , 10108 , 10108 , 10108 , 10108 , 10108 , 
62457 , 62457 , 62457 , 62457 , 62457 , 62457 , 62457 , 62457 , 62457 , 62457 , 62457 , 62457 , 62457 , 62457 , 
231185 , 231185 , 231185 , 231185 , 231185 , 231185 , 231185 , 231185 , 231185 , 231185 , 231185 , 231185 , 231185 , 231185 , 
24436 , 24436 , 24436 , 24436 , 24436 , 24436 , 24436 , 24436 , 24436 , 24436 , 24436 , 24436 , 24436 , 24436 , 
18558 , 18558 , 18558 , 18558 , 18558 , 18558 , 18558 , 18558 , 18558 , 18558 , 18558 , 18558 , 18558 , 18558 , 
55998 , 55998 , 55998 , 55998 , 55998 , 55998 , 55998 , 55998 , 55998 , 55998 , 55998 , 55998 , 55998 , 55998 , 
3702 , 3702 , 3702 , 3702 , 3702 , 3702 , 3702 , 3702 , 3702 , 3702 , 3702 , 3702 , 3702 , 3702 , 
49200 , 49200 , 49200 , 49200 , 49200 , 49200 , 49200 , 49200 , 49200 , 49200 , 49200 , 49200 , 49200 , 49200 , 
60861 , 60861 , 60861 , 60861 , 60861 , 60861 , 60861 , 60861 , 60861 , 60861 , 60861 , 60861 , 60861 , 60861 , 
36002 , 36002 , 36002 , 36002 , 36002 , 36002 , 36002 , 36002 , 36002 , 36002 , 36002 , 36002 , 36002 , 36002 , 
14472 , 14472 , 14472 , 14472 , 14472 , 14472 , 14472 , 14472 , 14472 , 14472 , 14472 , 14472 , 14472 , 14472 , 
20307 , 20307 , 20307 , 20307 , 20307 , 20307 , 20307 , 20307 , 20307 , 20307 , 20307 , 20307 , 20307 , 20307 , 
34916 , 34916 , 34916 , 34916 , 34916 , 34916 , 34916 , 34916 , 34916 , 34916 , 34916 , 34916 , 34916 , 34916 , 
87099 , 87099 , 87099 , 87099 , 87099 , 87099 , 87099 , 87099 , 87099 , 87099 , 87099 , 87099 , 87099 , 87099 , 
82639 , 82639 , 82639 , 82639 , 82639 , 82639 , 82639 , 82639 , 82639 , 82639 , 82639 , 82639 , 82639 , 82639 , 
104694 , 104694 , 104694 , 104694 , 104694 , 104694 , 104694 , 104694 , 104694 , 104694 , 104694 , 104694 , 104694 , 104694 , 
33841 , 33841 , 33841 , 33841 , 33841 , 33841 , 33841 , 33841 , 33841 , 33841 , 33841 , 33841 , 33841 , 33841 , 
104202 , 104202 , 104202 , 104202 , 104202 , 104202 , 104202 , 104202 , 104202 , 104202 , 104202 , 104202 , 104202 , 104202 , 
55172 , 55172 , 55172 , 55172 , 55172 , 55172 , 55172 , 55172 , 55172 , 55172 , 55172 , 55172 , 55172 , 55172 , 
16080 , 16080 , 16080 , 16080 , 16080 , 16080 , 16080 , 16080 , 16080 , 16080 , 16080 , 16080 , 16080 , 16080 , 
52646 , 52646 , 52646 , 52646 , 52646 , 52646 , 52646 , 52646 , 52646 , 52646 , 52646 , 52646 , 52646 , 52646 , 
53958 , 53958 , 53958 , 53958 , 53958 , 53958 , 53958 , 53958 , 53958 , 53958 , 53958 , 53958 , 53958 , 53958 , 
68210 , 68210 , 68210 , 68210 , 68210 , 68210 , 68210 , 68210 , 68210 , 68210 , 68210 , 68210 , 68210 , 68210 , 
141789 , 141789 , 141789 , 141789 , 141789 , 141789 , 141789 , 141789 , 141789 , 141789 , 141789 , 141789 , 141789 , 141789 , 
188657 , 188657 , 188657 , 188657 , 188657 , 188657 , 188657 , 188657 , 188657 , 188657 , 188657 , 188657 , 188657 , 188657 , 
93379 , 93379 , 93379 , 93379 , 93379 , 93379 , 93379 , 93379 , 93379 , 93379 , 93379 , 93379 , 93379 , 93379 , 
61999 , 61999 , 61999 , 61999 , 61999 , 61999 , 61999 , 61999 , 61999 , 61999 , 61999 , 61999 , 61999 , 61999 , 
71885 , 71885 , 71885 , 71885 , 71885 , 71885 , 71885 , 71885 , 71885 , 71885 , 71885 , 71885 , 71885 , 71885 , 
