milestone, 1, 2, 3, 5, 10, 20, 30, 40, 50, 60, 70, 80, 90, 100
178504 , 182325 , 184052 , 185181 , 187269 , 191736 , 193919 , 201739 , 203933 , 211528 , 215324 , 217362 , 221888 , 221888 , 
62891.8 , 65955.8 , 68128.3 , 70472.4 , 73491.6 , 83609.4 , 84975.4 , 89769.6 , 92379.2 , 93057.2 , 95526.2 , 96529.5 , 100248 , 100248 , 
178008 , 180720 , 182078 , 183046 , 184840 , 188901 , 190744 , 197952 , 200844 , 208550 , 211167 , 214341 , 217746 , 217756 , 
219680 , 220502 , 221006 , 221479 , 222256 , 237317 , 238872 , 241847 , 243794 , 245531 , 246311 , 247101 , 248177 , 248178 , 
224078 , 225306 , 226088 , 226824 , 228105 , 238995 , 239459 , 242739 , 243322 , 247126 , 248577 , 250593 , 251544 , 251566 , 
55026.4 , 58677.7 , 60110.2 , 61981.9 , 65340 , 72769.6 , 75510 , 80480.4 , 84370.5 , 85042.6 , 89200.1 , 89329.1 , 90465.5 , 90465.5 , 
8691.76 , 9715.58 , 9834.68 , 9934.6 , 10048.3 , 12469.1 , 12968.9 , 14344.8 , 14908.6 , 15297.6 , 15839.4 , 15970.3 , 16298.5 , 16298.5 , 
44926.2 , 47145.5 , 48965.5 , 51691.6 , 54663.6 , 64302.5 , 66177.6 , 69810.5 , 72398.9 , 73426.5 , 75399 , 75410.2 , 76213.4 , 76213.4 , 
229904 , 230681 , 231271 , 231611 , 231769 , 237788 , 238124 , 238848 , 238944 , 239599 , 239779 , 239881 , 240280 , 240278 , 
19239 , 20009 , 20397.4 , 21182.7 , 21635.1 , 24571.8 , 25160.3 , 26615.4 , 27998.5 , 28477.4 , 29578.2 , 29603.1 , 30198 , 30198 , 
14442.6 , 15523.5 , 15798.9 , 16136.8 , 16683.1 , 18680 , 19274.9 , 20864.3 , 21674.5 , 21764.8 , 22456 , 22472.5 , 22958.6 , 22958.6 , 
53391.2 , 54281.8 , 54471 , 54829.9 , 55183.2 , 55821.9 , 56494.5 , 57020.5 , 57402.7 , 57901.5 , 58270.3 , 58826.3 , 59583 , 59584.5 , 
2924.56 , 3277.72 , 3371.88 , 3443.58 , 3558.06 , 4258.04 , 4417.58 , 4830.5 , 4993.84 , 5061.98 , 5213.02 , 5221.98 , 5289.12 , 5289.12 , 
46211.6 , 47143.3 , 47519.6 , 47885.2 , 48260.8 , 48435.7 , 49386 , 50632.2 , 51239.6 , 53115.5 , 53722.2 , 54477.5 , 55497.3 , 55558.7 , 
60209.6 , 60575.4 , 60627 , 60796.3 , 60875.8 , 63595.3 , 63856.6 , 64061.8 , 64144.2 , 64210.2 , 64319.9 , 64427.5 , 64494.4 , 64506.9 , 
29635.6 , 30970.7 , 31572.6 , 32010.7 , 32840 , 35136.6 , 36173.8 , 38462.3 , 40027.1 , 40538.2 , 41840.3 , 41870.5 , 42498.2 , 42498.2 , 
10770.5 , 11711.6 , 12033.8 , 12497.5 , 13146.9 , 14662.7 , 15034.3 , 16226.2 , 16663 , 16879.3 , 17494 , 17539.7 , 17998.9 , 17998.9 , 
16073.6 , 17010.8 , 17399.8 , 17863.5 , 18390.1 , 20467 , 21147.3 , 22663 , 23636.3 , 23838 , 24520.5 , 24597.5 , 24994.3 , 24994.3 , 
29535.6 , 30310.7 , 30700 , 31261.3 , 31980.2 , 34585.1 , 35365.2 , 37729.5 , 38652.2 , 39473.4 , 40573 , 40645.7 , 41295.9 , 41295.9 , 
79237.8 , 81344.7 , 82193.6 , 83369.6 , 84264.8 , 85952.5 , 87287.8 , 93238.4 , 95017 , 98407.6 , 100740 , 101415 , 103054 , 103055 , 
71737.9 , 74459.5 , 75541.8 , 76425.7 , 77987.9 , 81262 , 83178.7 , 89880.3 , 91499.5 , 92665 , 94832.5 , 95061.1 , 97663.4 , 97663.4 , 
98501.9 , 99751.7 , 100192 , 100690 , 101651 , 103926 , 105258 , 108020 , 108667 , 111438 , 112482 , 113246 , 114568 , 114694 , 
25620.7 , 27061.2 , 27744.1 , 29093.7 , 30257 , 33897.1 , 34878.6 , 37874.8 , 39235.3 , 40088.6 , 41446.5 , 41511.3 , 42673.9 , 42673.9 , 
99847.4 , 101180 , 101659 , 102135 , 102875 , 106743 , 107860 , 108581 , 109151 , 111163 , 112227 , 113069 , 114548 , 114675 , 
43305.8 , 45993.8 , 46640.8 , 47473.1 , 49362.1 , 56028.5 , 57416.2 , 60321 , 62613.4 , 63977.9 , 66075.6 , 66294.2 , 67753.3 , 67753.3 , 
11751.9 , 12788.3 , 13329.6 , 13800.1 , 14435.9 , 16675.5 , 17820.6 , 19121.6 , 20458.1 , 20606.7 , 21233.4 , 21233.9 , 21576.2 , 21576.2 , 
40639 , 42859.6 , 43812.5 , 44871.3 , 46082.1 , 51396.3 , 52613.4 , 55504.1 , 57854.5 , 59464.9 , 61003.1 , 61042.7 , 62484.3 , 62484.3 , 
42404.9 , 44288.8 , 45555.4 , 47031.2 , 48321.4 , 53624.2 , 55036.8 , 59342.4 , 61606.5 , 62210.3 , 64641.7 , 64794.8 , 65554.7 , 65554.7 , 
57537.2 , 59269.4 , 60212.3 , 61209.7 , 62567.4 , 68308 , 70246.6 , 74660.4 , 76671.8 , 77710.1 , 80228.1 , 80424 , 82162.8 , 82162.8 , 
133239 , 135753 , 136505 , 137539 , 138941 , 140168 , 141914 , 146817 , 148532 , 153344 , 155941 , 157742 , 160566 , 160587 , 
188017 , 188583 , 188697 , 188774 , 188860 , 192165 , 192165 , 192165 , 192165 , 192165 , 192165 , 192165 , 192165 , 192165 , 
81153.7 , 83215 , 84256.6 , 86055.4 , 87705.4 , 99359.3 , 100693 , 107283 , 110550 , 112085 , 115732 , 115957 , 118464 , 118464 , 
45736.2 , 48838.2 , 49934.1 , 51603.6 , 53411.3 , 60893.1 , 62644.1 , 66837.8 , 70554.5 , 71597.7 , 73520.6 , 73766.6 , 74862 , 74862 , 
60325.5 , 62672.2 , 63567.7 , 64455.2 , 65962.4 , 76323.9 , 77703.4 , 81729.1 , 84379 , 85305.3 , 88179.3 , 88281.1 , 89562.1 , 89562.1 , 
20553.9 , 21987.5 , 22798.4 , 23646.6 , 25109.5 , 29534.9 , 30510.9 , 33290.6 , 34946 , 35597.7 , 36774.5 , 36785.1 , 37263.9 , 37263.9 , 
134142 , 136042 , 137119 , 138260 , 139633 , 140645 , 142414 , 149994 , 151843 , 156420 , 159126 , 161473 , 164149 , 164176 , 
97741.5 , 100700 , 101701 , 102623 , 104146 , 114566 , 116657 , 124229 , 126955 , 129506 , 132231 , 133081 , 135105 , 135105 , 
13711.6 , 15218.7 , 15977.7 , 16663.7 , 17614.4 , 21389.5 , 22276.7 , 24173.5 , 25005.9 , 25270.5 , 25997 , 26036.5 , 26488.6 , 26488.6 , 
88917.1 , 92009.2 , 93433.2 , 95211 , 97123.3 , 104517 , 106384 , 114857 , 117880 , 120305 , 123646 , 124032 , 126947 , 126947 , 
272304 , 292708 , 298866 , 305756 , 317704 , 326941 , 335197 , 348815 , 358417 , 364595 , 377758 , 379507 , 394897 , 395044 , 
922156 , 926943 , 929178 , 931886 , 933748 , 963692 , 966123 , 972892 , 974105 , 976352 , 976994 , 979725 , 982006 , 982043 , 
210791 , 222380 , 228627 , 236883 , 247809 , 256603 , 264220 , 275227 , 282485 , 285819 , 296749 , 297779 , 308394 , 308525 , 
20069.8 , 23682 , 24880.7 , 26362 , 27665.4 , 28540.8 , 29690.8 , 32947 , 35653.1 , 36373.3 , 38142.6 , 38347.3 , 39661.6 , 39661.6 , 
62484.1 , 70863.7 , 74461.6 , 79875.8 , 85639.3 , 87582.5 , 93422.2 , 97129.2 , 100122 , 102027 , 106684 , 107201 , 111321 , 111321 , 
718903 , 729323 , 736616 , 743999 , 752308 , 756787 , 762891 , 780926 , 783452 , 802284 , 808862 , 817675 , 830438 , 830484 , 
29174.7 , 33050.6 , 34677.7 , 36661.2 , 38412.9 , 39661.2 , 40363 , 44347.3 , 46536.1 , 47862.7 , 50376.9 , 50668.5 , 52126.7 , 52126.7 , 
609144 , 627121 , 633599 , 641381 , 650578 , 656338 , 663003 , 685532 , 693783 , 708130 , 718551 , 723714 , 746974 , 746974 , 
715682 , 725990 , 733573 , 743371 , 749440 , 752765 , 758813 , 778402 , 785393 , 804145 , 817722 , 824192 , 838141 , 838460 , 
543869 , 555372 , 562041 , 573241 , 582894 , 599348 , 603555 , 635394 , 646219 , 655082 , 668825 , 672604 , 686295 , 686295 , 
28578.5 , 31877.7 , 33833.1 , 35495.6 , 38118.5 , 38785.7 , 40431.8 , 41671.4 , 43120.3 , 44064.4 , 45858.1 , 46375.4 , 49327.3 , 49327.3 , 
186422 , 189454 , 191285 , 192893 , 193611 , 192764 , 195407 , 199138 , 200453 , 205019 , 207024 , 208557 , 212428 , 212587 , 
233265 , 234825 , 235354 , 236062 , 237118 , 242404 , 243401 , 244956 , 245810 , 246488 , 246717 , 247379 , 247855 , 247926 , 
209745 , 212461 , 213174 , 214063 , 215747 , 217016 , 218519 , 219194 , 220351 , 222532 , 223768 , 225983 , 228257 , 228560 , 
166815 , 169651 , 170792 , 173024 , 175016 , 174787 , 177021 , 182733 , 184056 , 189406 , 192868 , 194144 , 198124 , 198149 , 
55419.4 , 58386.4 , 60062.9 , 62608.7 , 65954.8 , 68966.6 , 70954.1 , 72840.8 , 75815.3 , 77499.3 , 80333.1 , 80539.3 , 83681.4 , 83681.4 , 
37910.5 , 41711.9 , 43495.9 , 45101.1 , 47557.5 , 48800 , 50745.1 , 52471.1 , 54466.7 , 55349 , 58382.6 , 58704.1 , 60779.5 , 60779.5 , 
121293 , 125705 , 127040 , 129233 , 133012 , 136306 , 138244 , 143736 , 146352 , 148142 , 152150 , 152968 , 157977 , 157977 , 
32791.9 , 34411.3 , 35940.5 , 38795.4 , 39998.4 , 41382.8 , 43108.9 , 44952.9 , 46156.9 , 46654.1 , 48151.3 , 48500.7 , 50604.7 , 50626 , 
234457 , 242218 , 245443 , 250439 , 254124 , 265284 , 268761 , 280798 , 287170 , 289830 , 298709 , 299840 , 305372 , 305372 , 
325559 , 332057 , 335691 , 339696 , 345225 , 346978 , 351463 , 361956 , 366455 , 372375 , 378208 , 381286 , 389272 , 389325 , 
161456 , 170087 , 171473 , 174366 , 179997 , 189300 , 192524 , 199284 , 205767 , 208965 , 214187 , 214713 , 223166 , 223166 , 
167945 , 176416 , 180169 , 185427 , 190428 , 198019 , 201390 , 210886 , 217148 , 223055 , 230922 , 232039 , 239490 , 239490 , 
165569 , 174559 , 179419 , 184729 , 192838 , 199463 , 203071 , 209369 , 215448 , 220835 , 226602 , 227805 , 234375 , 234397 , 
472380 , 474429 , 475159 , 476016 , 476760 , 489907 , 490727 , 495306 , 495694 , 496556 , 497701 , 498109 , 498700 , 498797 , 
406994 , 410545 , 411991 , 414745 , 416808 , 422688 , 424746 , 426926 , 429044 , 436460 , 439604 , 442270 , 446162 , 446170 , 
167869 , 173733 , 177542 , 183071 , 187657 , 197886 , 201715 , 209592 , 214692 , 218104 , 225483 , 226619 , 232189 , 232189 , 
264800 , 272205 , 275263 , 279471 , 286610 , 292809 , 297184 , 308027 , 313320 , 320364 , 327760 , 329395 , 335328 , 335328 , 
65627.3 , 72024.6 , 75030.3 , 79096.2 , 83029.9 , 85684.1 , 89071.1 , 92031.7 , 96284.2 , 98302 , 101364 , 101798 , 106981 , 107034 , 
91189 , 98263.1 , 101409 , 107326 , 113553 , 117399 , 123379 , 127694 , 133876 , 136521 , 142101 , 142369 , 149082 , 149082 , 
364956 , 379962 , 386881 , 392887 , 399387 , 410982 , 416792 , 432390 , 442658 , 449751 , 459691 , 461877 , 471600 , 471600 , 
206297 , 218320 , 220899 , 225862 , 235527 , 251906 , 256669 , 266411 , 276100 , 280274 , 289370 , 289729 , 298369 , 298369 , 
36000.2 , 41957 , 45175.1 , 48772.7 , 52557.4 , 53793.9 , 57388.7 , 59797 , 61823.7 , 63969.9 , 66791.1 , 67444.7 , 69467.9 , 69456.1 , 
77683.5 , 83612.9 , 88721.7 , 92903 , 98638.9 , 103004 , 108020 , 112060 , 115671 , 118779 , 124256 , 125140 , 129706 , 129706 , 
90357.6 , 96289.6 , 100367 , 106496 , 112064 , 115506 , 120850 , 124933 , 130526 , 133376 , 140464 , 140813 , 146046 , 146046 , 
153529 , 165155 , 169348 , 176646 , 185630 , 190244 , 196882 , 206504 , 214785 , 218413 , 226488 , 227246 , 234644 , 234644 , 
186377 , 197618 , 202819 , 211942 , 223574 , 230914 , 238304 , 246236 , 253401 , 257092 , 267347 , 269483 , 277862 , 277862 , 
548210 , 557145 , 560701 , 565794 , 572185 , 577814 , 582813 , 598739 , 603098 , 612149 , 617510 , 622966 , 630930 , 631147 , 
444730 , 457755 , 465989 , 470992 , 479425 , 488061 , 494690 , 513183 , 519548 , 530161 , 540288 , 543221 , 553638 , 553638 , 
320818 , 329162 , 332632 , 336526 , 341682 , 347501 , 350423 , 360303 , 366466 , 370926 , 374839 , 376104 , 382613 , 382613 , 
16659.1 , 18510.7 , 19788.4 , 21207.7 , 23786.5 , 23615.9 , 25528 , 25993.8 , 26853.1 , 27817 , 29529.8 , 29709.9 , 30906.4 , 30890.9 , 
215388 , 223788 , 227136 , 231879 , 237749 , 243219 , 247204 , 252489 , 258418 , 261548 , 266880 , 266942 , 275193 , 275193 , 
393203 , 401675 , 403856 , 409745 , 414312 , 413585 , 417917 , 422869 , 426383 , 434345 , 438573 , 440702 , 446896 , 447039 , 
9462.22 , 11429 , 12379.5 , 13191.2 , 13792 , 13675.4 , 14381.3 , 14812.2 , 15254.9 , 15813.1 , 16714.5 , 16922.7 , 17650.9 , 17650.9 , 
193108 , 201851 , 206235 , 210775 , 218583 , 223690 , 227996 , 234241 , 237144 , 240613 , 246678 , 247765 , 254023 , 254027 , 
451864 , 457493 , 459074 , 462353 , 466375 , 465956 , 468564 , 471906 , 474580 , 479410 , 480755 , 484005 , 488453 , 489148 , 
7301.44 , 7968.76 , 8346.66 , 8660.6 , 8768.64 , 8698.08 , 9151.9 , 9868.08 , 10369.5 , 10564.9 , 11056.2 , 11095.1 , 11292.9 , 11292.9 , 
175320 , 184052 , 186564 , 191624 , 199915 , 204636 , 209815 , 213848 , 218094 , 221580 , 227447 , 228446 , 233997 , 234098 , 
944818 , 954122 , 958119 , 963219 , 967973 , 976069 , 979388 , 981868 , 985159 , 994686 , 997972 , 1.00822e+06 , 1.01584e+06 , 1.01671e+06 , 
362909 , 383158 , 394679 , 403163 , 416144 , 426764 , 435555 , 440651 , 448141 , 455388 , 465971 , 468585 , 483856 , 484384 , 
58599.3 , 66329.4 , 69899 , 74775.4 , 78992.7 , 81496.2 , 86590.3 , 89129.8 , 92212.9 , 93738.7 , 97811.8 , 98243.2 , 102576 , 102757 , 
785370 , 796617 , 804522 , 811253 , 821263 , 824825 , 830903 , 843854 , 847570 , 862627 , 874141 , 879047 , 893745 , 893745 , 
188499 , 199037 , 208090 , 220750 , 231878 , 237102 , 246233 , 251364 , 259357 , 262390 , 268962 , 269880 , 280792 , 281093 , 
611297 , 624282 , 631269 , 642237 , 655765 , 667376 , 673635 , 689196 , 702240 , 710894 , 721891 , 724823 , 736226 , 736226 , 
614070 , 634195 , 640781 , 651279 , 661625 , 678065 , 684318 , 697653 , 704263 , 719468 , 729414 , 731650 , 745674 , 745674 , 
27135.7 , 30993.3 , 32634.7 , 34811.9 , 37865.5 , 38394.8 , 40571.7 , 41695.9 , 43623.9 , 44845.6 , 47659.3 , 47717.5 , 49417.8 , 49417.8 , 
651247 , 665987 , 672384 , 679223 , 691489 , 697559 , 707685 , 718858 , 730354 , 741026 , 755309 , 757361 , 773406 , 773406 , 
647445 , 659773 , 668882 , 676993 , 692653 , 703014 , 710077 , 722580 , 733661 , 742315 , 753791 , 756807 , 773702 , 773702 , 
