milestone, 1, 2, 3, 5, 10, 20, 30, 40, 50, 60, 70, 80, 90, 100
172029 , 177205 , 179301 , 182102 , 185133 , 192231 , 192600 , 193869 , 193940 , 194441 , 194366 , 194735 , 194647 , 194639 , 
56325.4 , 60315.4 , 62446 , 65535.6 , 71389.8 , 79092.3 , 79765.2 , 82980.2 , 84283.1 , 84766 , 85742.8 , 85759.6 , 86767.4 , 86869 , 
173275 , 175612 , 178048 , 180669 , 182430 , 191745 , 192324 , 193695 , 194736 , 195724 , 196293 , 196902 , 196978 , 196923 , 
216622 , 217263 , 217828 , 218283 , 219166 , 220195 , 220449 , 220890 , 221087 , 221659 , 221798 , 222134 , 222457 , 222496 , 
220909 , 221607 , 221969 , 222907 , 223934 , 224648 , 225107 , 225973 , 226551 , 227121 , 227567 , 227855 , 228329 , 228452 , 
47135.6 , 50886.3 , 53089.2 , 55681.2 , 62455.5 , 74160.4 , 75805.8 , 78682.1 , 79640.8 , 80205.9 , 81004.1 , 81063.4 , 82058.3 , 82049.3 , 
5426.94 , 7167.32 , 7691.78 , 8358.18 , 9435.36 , 11807.2 , 11978.9 , 12227.9 , 12254.8 , 12343 , 12362.2 , 12373.9 , 12401 , 12385.9 , 
41306.1 , 44634 , 46538.5 , 49778.6 , 54163.5 , 62967.3 , 64165.4 , 66513.5 , 66696.7 , 67126.5 , 67586.9 , 67703.7 , 68022.8 , 68039.3 , 
226954 , 227290 , 227822 , 228811 , 229894 , 230735 , 231047 , 231202 , 231221 , 231217 , 231306 , 231337 , 231310 , 231297 , 
17589.1 , 18442.8 , 18915.6 , 19913.6 , 21231.2 , 24786.4 , 25215 , 25998.1 , 26266.6 , 26388.1 , 26546.1 , 26608.5 , 26731.7 , 26731.7 , 
11970 , 13088.9 , 13567.7 , 14650.8 , 16169.7 , 19388 , 19653 , 19964.3 , 20232 , 20420.3 , 20671.4 , 20764.9 , 20914.2 , 20914.2 , 
51745.3 , 52014.2 , 52239.8 , 52552.1 , 52910.4 , 53462 , 53834.1 , 54100.2 , 54181.7 , 54434.4 , 54427 , 54543.1 , 54566.7 , 54578.7 , 
2378.06 , 2747.3 , 2852.58 , 3133.78 , 3338.62 , 4149.24 , 4248.5 , 4392.96 , 4467.34 , 4549.56 , 4590.58 , 4611.5 , 4641.04 , 4641.04 , 
45140.2 , 45676.7 , 46213.7 , 46728.8 , 47432.4 , 50551.5 , 50711.5 , 51175.8 , 51621.2 , 51855 , 52027.4 , 52115.2 , 52339.2 , 52339.2 , 
59211.9 , 59339.8 , 59466.1 , 59608.6 , 59855.1 , 59975.1 , 60185.5 , 60248.8 , 60343.5 , 60305.5 , 60273.5 , 60358.2 , 60337.3 , 60366.2 , 
27486.4 , 28792.7 , 29426.9 , 31020.7 , 32428.1 , 36292.8 , 36350.5 , 37242.5 , 37712.5 , 37899.8 , 38319.9 , 38558.6 , 38772 , 38772 , 
9255.6 , 10200.3 , 10614.2 , 11385.6 , 12641.7 , 14927.3 , 15075.1 , 15561.2 , 15740.4 , 15803.9 , 15863.6 , 15867.4 , 16124 , 16132.9 , 
13586.8 , 14919.9 , 15363.7 , 16387.3 , 17954.2 , 20588.3 , 20910.5 , 21394.2 , 21541.6 , 21743.9 , 21827.7 , 21844.3 , 22033.2 , 22053.8 , 
27179.6 , 28594.1 , 29077.9 , 30212.5 , 31585.1 , 35530.7 , 35828.5 , 36607.4 , 36931.1 , 37320.6 , 37668.6 , 37729.2 , 37824.3 , 37824.3 , 
76694.5 , 78917.2 , 79650.3 , 81412.9 , 83240.6 , 89744.9 , 90120.2 , 91725.9 , 92339.7 , 92920.3 , 93710.5 , 93869.5 , 94241.3 , 94260 , 
67933.2 , 70427 , 71684.2 , 73446.8 , 76794.6 , 83477.6 , 83930.6 , 85876.8 , 86925.4 , 87516.8 , 88130.9 , 88147.4 , 88509.2 , 88509.2 , 
96178.1 , 97299.5 , 98392.9 , 99249.1 , 100230 , 103516 , 103624 , 104225 , 104235 , 104372 , 104405 , 104670 , 104668 , 104608 , 
22120.2 , 24658.6 , 25777.6 , 27223 , 29885.2 , 34151.6 , 34390.6 , 35263.4 , 35789.4 , 36253.1 , 36506.2 , 36494.7 , 36882.3 , 36897.1 , 
97581 , 98534.3 , 99180.8 , 100041 , 100550 , 101861 , 102032 , 102693 , 102695 , 103189 , 103253 , 103597 , 103556 , 103568 , 
39131.8 , 42032.5 , 42767.2 , 44739.6 , 48227.2 , 55491.3 , 56162.5 , 58630.8 , 59265 , 59959 , 60290.7 , 60728.3 , 61144.7 , 61144.7 , 
9894.28 , 10953.5 , 11448.8 , 12460.4 , 13884.8 , 16822.6 , 17388.8 , 18104.5 , 18334 , 18473.6 , 18664.9 , 18694.1 , 18767 , 18779.3 , 
36919.1 , 38953.4 , 40404.5 , 42282.2 , 45672.7 , 52881.8 , 53743.4 , 55429 , 56034.1 , 56460.4 , 56828.2 , 56957.6 , 57608.6 , 57608.6 , 
38313.2 , 40299.3 , 41807.5 , 43574.3 , 47268.3 , 53800.6 , 54767.3 , 57098.4 , 57286.1 , 57775.2 , 58211.5 , 58257 , 58576.6 , 58576.6 , 
52693.1 , 55519.9 , 56744.1 , 58966.9 , 61849.4 , 68587.6 , 69455 , 71033.3 , 72121.6 , 73022.8 , 73591 , 73663.6 , 73895.4 , 73902.4 , 
129810 , 132270 , 133168 , 134899 , 136688 , 142302 , 143008 , 143559 , 143700 , 144601 , 145238 , 145335 , 145876 , 145867 , 
188392 , 188414 , 188453 , 188495 , 188510 , 188512 , 188490 , 188520 , 188517 , 188493 , 188536 , 188493 , 188536 , 188548 , 
76415.2 , 78273.2 , 79643.5 , 82191.6 , 86370.4 , 99213.2 , 100231 , 103893 , 104275 , 105140 , 105322 , 105400 , 105963 , 105956 , 
42020.6 , 44580.7 , 46285.2 , 48169.5 , 52614.9 , 63683.8 , 64474.3 , 67143.2 , 67888.5 , 68229.6 , 68635.3 , 68817.8 , 69068.9 , 69068.9 , 
52617.9 , 56452.9 , 58232.8 , 60617.7 , 64887.3 , 74829.1 , 75471.9 , 77944.4 , 78851.3 , 79463 , 79987.9 , 80208.6 , 80575.2 , 80575.2 , 
17158.9 , 18834.6 , 19634 , 21780.3 , 23974.6 , 28269.1 , 28454.6 , 29834.2 , 30077.9 , 30248.6 , 30444.1 , 30519.5 , 30628.9 , 30618.2 , 
129832 , 132748 , 134188 , 136236 , 138540 , 143377 , 143943 , 145601 , 146173 , 146657 , 147206 , 147390 , 147568 , 147531 , 
91087.4 , 94739.9 , 96156.6 , 98663.3 , 102927 , 116911 , 117882 , 120524 , 121263 , 121767 , 122108 , 122285 , 122807 , 122807 , 
11514.3 , 12942 , 13727.2 , 14970.4 , 16608 , 21680.9 , 22069.4 , 23051.5 , 23501.4 , 23575.8 , 23676.7 , 23676.7 , 23740.4 , 23740.4 , 
82530.5 , 86490.9 , 88530.9 , 91064.6 , 95556.6 , 106848 , 108159 , 110879 , 111577 , 112712 , 114233 , 114661 , 114929 , 114929 , 
254297 , 263166 , 274740 , 286881 , 308024 , 347348 , 350606 , 356818 , 359100 , 363201 , 367139 , 368466 , 373374 , 373591 , 
913157 , 914622 , 915647 , 917410 , 922060 , 927143 , 929220 , 930636 , 931918 , 932283 , 932689 , 932906 , 933131 , 933109 , 
189254 , 200844 , 206937 , 218833 , 237382 , 275340 , 278130 , 286036 , 287654 , 290079 , 292067 , 292596 , 294800 , 294904 , 
15465.9 , 17672 , 19010.8 , 21396.8 , 24539.7 , 29793.5 , 30247.4 , 30824.4 , 31355.1 , 31622.4 , 31782.8 , 31869.5 , 32023.6 , 32013 , 
60555.9 , 65050.2 , 67404.8 , 72496.1 , 80109 , 94078 , 95446.4 , 96672.7 , 97951.5 , 98316.9 , 99087 , 99691.1 , 100443 , 100539 , 
703379 , 712413 , 718254 , 727157 , 738660 , 773829 , 774100 , 778765 , 778940 , 780165 , 780597 , 781023 , 780961 , 780958 , 
25222.3 , 27469.1 , 29285.9 , 31393.8 , 35316.5 , 41554.6 , 42161.1 , 43228.9 , 43469.9 , 43790.6 , 43808.7 , 43800.3 , 44173 , 44160.1 , 
586667 , 606881 , 611563 , 625141 , 640630 , 684832 , 686436 , 690376 , 692893 , 695857 , 697101 , 698112 , 698539 , 698695 , 
693799 , 710987 , 720936 , 729475 , 739616 , 770040 , 769935 , 775028 , 774831 , 776712 , 777266 , 778940 , 778792 , 778611 , 
515690 , 534386 , 546111 , 557610 , 574192 , 617624 , 619454 , 624579 , 627423 , 631782 , 636544 , 638550 , 643396 , 643395 , 
29333.5 , 31965.6 , 33384 , 35085.2 , 37611.2 , 44038.9 , 44633.8 , 45804.5 , 46078.3 , 46510.2 , 47014.6 , 47116 , 47917 , 47924.2 , 
180342 , 183975 , 186379 , 188303 , 190520 , 197582 , 196832 , 198782 , 198034 , 198960 , 198504 , 199382 , 198585 , 198093 , 
229609 , 230449 , 230715 , 231328 , 233000 , 234088 , 234607 , 234945 , 235090 , 235695 , 236068 , 236167 , 236214 , 236354 , 
203430 , 205201 , 206011 , 207022 , 208337 , 210496 , 211615 , 213644 , 213962 , 214917 , 215105 , 216376 , 216242 , 216292 , 
161417 , 164486 , 165927 , 168385 , 171896 , 182771 , 182685 , 184051 , 184286 , 184605 , 184580 , 184609 , 184803 , 184896 , 
53645.7 , 57097.5 , 58574.3 , 60692.9 , 64822.5 , 74123.3 , 74771.5 , 77323 , 78293.7 , 79142 , 79782.5 , 79831.5 , 80298.5 , 80298.5 , 
35601 , 39130.3 , 40718.8 , 42582.4 , 46107.9 , 54165.5 , 54993.6 , 56305.9 , 57040.3 , 57885.9 , 58285.4 , 58319.5 , 58804.4 , 58804.4 , 
113092 , 117904 , 120641 , 123737 , 129687 , 140470 , 141353 , 142811 , 143411 , 144438 , 145598 , 146430 , 147329 , 147361 , 
29910.2 , 32259 , 33342.7 , 35611.1 , 38917 , 45013.2 , 45444.3 , 46381.5 , 46802.7 , 47298.2 , 47871.8 , 47966.4 , 48503.8 , 48560.2 , 
222635 , 229721 , 233187 , 238037 , 250601 , 272930 , 274321 , 277350 , 279519 , 282273 , 283550 , 284169 , 285095 , 285114 , 
307221 , 318393 , 321693 , 331443 , 339280 , 360409 , 361123 , 363657 , 364035 , 364926 , 365925 , 366204 , 367100 , 367262 , 
150151 , 157030 , 160575 , 165330 , 177572 , 200001 , 201180 , 205232 , 208594 , 210199 , 211357 , 212042 , 212544 , 212544 , 
157301 , 164426 , 168995 , 175232 , 185934 , 211655 , 212665 , 215984 , 217116 , 219213 , 221009 , 222965 , 225491 , 225521 , 
162359 , 168604 , 172678 , 177639 , 188711 , 211370 , 212890 , 217559 , 220004 , 221250 , 222816 , 223479 , 225125 , 225152 , 
468403 , 468996 , 469799 , 470196 , 471331 , 473352 , 474218 , 475012 , 475143 , 475461 , 475538 , 475914 , 475962 , 475673 , 
397798 , 401001 , 402758 , 404405 , 406515 , 411059 , 412679 , 415746 , 416700 , 418841 , 419030 , 420079 , 420147 , 420033 , 
158635 , 164245 , 167340 , 173051 , 182967 , 204732 , 208334 , 212124 , 214721 , 215965 , 217680 , 217919 , 219748 , 219742 , 
252711 , 262354 , 265792 , 272901 , 283922 , 304792 , 305614 , 309444 , 311718 , 313822 , 316077 , 317129 , 318853 , 319014 , 
60777.5 , 66709.5 , 69066.2 , 73278.6 , 79912 , 93117.6 , 94793 , 97139.6 , 98260.7 , 99101.7 , 100540 , 100764 , 102017 , 102055 , 
84424.6 , 91952.3 , 96128.2 , 101065 , 112675 , 132578 , 134226 , 136551 , 137892 , 138878 , 140288 , 141602 , 142481 , 142647 , 
339265 , 358061 , 368589 , 379005 , 395958 , 428600 , 431488 , 436054 , 437630 , 440250 , 443343 , 443639 , 446232 , 446476 , 
203034 , 211885 , 217019 , 222890 , 235146 , 268583 , 272213 , 279023 , 281009 , 283095 , 283736 , 284627 , 287131 , 287128 , 
33164.9 , 36923.7 , 38901.9 , 42492.7 , 48070.6 , 56962.6 , 57976.2 , 59265.4 , 59627.9 , 59882.3 , 60338.7 , 60452.6 , 61019.2 , 61039.8 , 
81628.1 , 88428.2 , 90574.8 , 95792.6 , 103354 , 123210 , 124536 , 127130 , 127924 , 128908 , 129877 , 129898 , 130369 , 130393 , 
78870.1 , 89023 , 92574.5 , 99081.6 , 109628 , 127530 , 129675 , 133246 , 133756 , 134854 , 136791 , 137664 , 138607 , 138659 , 
147607 , 155946 , 160174 , 167031 , 181696 , 207854 , 211910 , 218673 , 221311 , 223770 , 225655 , 226851 , 228837 , 228818 , 
178175 , 190353 , 198197 , 205120 , 217567 , 252352 , 256463 , 261746 , 262932 , 264571 , 266670 , 267637 , 269917 , 270042 , 
535266 , 544005 , 551074 , 556790 , 562703 , 586640 , 587260 , 591919 , 591731 , 593300 , 593240 , 593789 , 593649 , 593472 , 
427423 , 437537 , 444792 , 458189 , 471672 , 503967 , 506142 , 508739 , 509967 , 510429 , 511777 , 513131 , 516325 , 516373 , 
304336 , 312621 , 318277 , 324935 , 336287 , 361441 , 363099 , 364946 , 365336 , 365890 , 367759 , 367719 , 369320 , 369410 , 
13377.2 , 15882.1 , 17045.5 , 18601.7 , 21810.1 , 24714.6 , 25449.1 , 26324.7 , 26652.7 , 26926.9 , 27131.4 , 27270.8 , 27704.3 , 27782.8 , 
210474 , 217291 , 220249 , 225651 , 234947 , 258676 , 260992 , 263789 , 265533 , 267919 , 269171 , 269382 , 270313 , 270387 , 
382126 , 390217 , 394547 , 400787 , 406729 , 429423 , 429504 , 431345 , 431566 , 432917 , 432434 , 433564 , 433366 , 432954 , 
7940.38 , 8836.88 , 9418.8 , 10239.8 , 11471.8 , 13332.6 , 13529.5 , 13807.7 , 13876.7 , 13962.4 , 14003.3 , 14083.8 , 14199.1 , 14193.9 , 
188575 , 197483 , 201540 , 207622 , 218136 , 241150 , 242475 , 246243 , 247387 , 248232 , 250157 , 251335 , 253554 , 253646 , 
442519 , 446334 , 447019 , 448986 , 451823 , 461074 , 462424 , 469600 , 470460 , 472799 , 472965 , 474676 , 474708 , 474080 , 
4168.9 , 5700.14 , 6240.74 , 7006.2 , 7900.12 , 8777.7 , 8897.86 , 9118 , 9188.14 , 9307.72 , 9389.94 , 9389.44 , 9463.88 , 9466.94 , 
169527 , 179505 , 183099 , 187964 , 197363 , 222914 , 224363 , 227431 , 228609 , 229917 , 232146 , 232930 , 234738 , 234882 , 
919516 , 924492 , 927071 , 930348 , 938204 , 956289 , 960902 , 966358 , 968942 , 972143 , 972707 , 974901 , 976005 , 976676 , 
359000 , 377595 , 384241 , 393593 , 413276 , 456919 , 460461 , 467420 , 469256 , 472942 , 477712 , 478772 , 483734 , 483925 , 
58908.1 , 63443.9 , 65419.5 , 69309.2 , 77646.8 , 89784.8 , 91870.2 , 94033.7 , 94773 , 95915.2 , 97013.2 , 97657.9 , 98340.7 , 98400.5 , 
767970 , 781900 , 789350 , 795138 , 806982 , 849263 , 850246 , 855961 , 855676 , 858035 , 858009 , 858563 , 858600 , 858215 , 
190550 , 204410 , 211029 , 219532 , 235900 , 267871 , 271157 , 276807 , 280114 , 281678 , 283331 , 284207 , 285799 , 286112 , 
584372 , 599132 , 607431 , 618503 , 639380 , 691933 , 693090 , 698863 , 700419 , 702414 , 703096 , 706645 , 708561 , 708915 , 
589224 , 603143 , 615340 , 629677 , 653899 , 696486 , 699774 , 704631 , 705994 , 707008 , 709788 , 709886 , 714243 , 714617 , 
20871 , 24071.5 , 25576.1 , 28624 , 32494 , 38827.8 , 39813.4 , 40656 , 41220.7 , 42140.1 , 42504.5 , 42634.6 , 42751.1 , 42775.4 , 
617418 , 635930 , 645548 , 659651 , 680682 , 729366 , 730676 , 734137 , 735085 , 736354 , 738216 , 739473 , 742559 , 742856 , 
623401 , 642356 , 643271 , 656996 , 677508 , 723411 , 727342 , 730202 , 734870 , 736596 , 738367 , 738897 , 740277 , 740692 , 
