milestone, 1, 2, 3, 5, 10, 20, 30, 40, 50, 60, 70, 80, 90, 100
179918 , 182284 , 184112 , 185951 , 188421 , 191490 , 193386 , 199953 , 202778 , 210305 , 214727 , 216967 , 222197 , 222178 , 
60629 , 65379.9 , 67665 , 70647.3 , 75231.4 , 84459.1 , 86797.3 , 91318.4 , 95012.3 , 95924.6 , 99275.5 , 99808.2 , 104885 , 104885 , 
177961 , 180599 , 181887 , 183698 , 185488 , 190301 , 191716 , 198129 , 200496 , 208860 , 213004 , 216500 , 222144 , 222145 , 
219980 , 220665 , 220957 , 221601 , 222725 , 239176 , 240655 , 245529 , 246001 , 247620 , 248158 , 250035 , 251112 , 251108 , 
224767 , 225877 , 226452 , 227559 , 228773 , 243744 , 244745 , 247527 , 247984 , 250011 , 251053 , 252302 , 252998 , 252984 , 
53683.3 , 58048.1 , 60786.5 , 62987.1 , 66928.8 , 77780.5 , 79370.9 , 82890.1 , 86479.3 , 88095.4 , 92587.6 , 92906.5 , 96729.8 , 96729.8 , 
8266.98 , 9236.26 , 9678.32 , 9950.38 , 10078 , 11848.4 , 12242.6 , 13939.2 , 14812.4 , 15145 , 15697.1 , 15782.4 , 16218.7 , 16218.7 , 
45918.3 , 48534.6 , 50368.4 , 52468.4 , 55292.2 , 63519.4 , 65628.8 , 71118.6 , 75490.5 , 77267.7 , 81539.7 , 81590.6 , 83717.4 , 83717.4 , 
230220 , 231286 , 231512 , 231801 , 231840 , 237706 , 237994 , 238001 , 238138 , 238407 , 238479 , 239316 , 239758 , 239708 , 
19053 , 20305.7 , 20735.4 , 21342.5 , 22262.8 , 26153.2 , 26815.6 , 28153.9 , 28983.8 , 29458 , 30271.1 , 30414.1 , 31660.1 , 31660.1 , 
14115.5 , 15135.7 , 15713.3 , 16189.4 , 17147.3 , 19695.9 , 20305.3 , 21412.5 , 22598.9 , 22937.9 , 24176 , 24176 , 25029.6 , 25029.6 , 
53394.7 , 54016.5 , 54349.7 , 54807.1 , 55501.3 , 56315.1 , 56763.7 , 56978.4 , 57333.9 , 57982.4 , 58413.3 , 58751.9 , 59281.1 , 59364.8 , 
2773.22 , 3084.2 , 3242.1 , 3379.04 , 3536.14 , 4061.5 , 4279.54 , 4840.88 , 5087.38 , 5186.58 , 5446.62 , 5447.84 , 5656.66 , 5656.66 , 
46367.8 , 47087.4 , 47355.1 , 47829.2 , 48468.4 , 49021.8 , 49670.6 , 50504.9 , 51185 , 52185.9 , 52993.2 , 53911.1 , 54793.5 , 54941.4 , 
60019 , 60434 , 60538.6 , 60690.7 , 61013.7 , 63314.4 , 63488.1 , 63897.6 , 63952.1 , 64171.9 , 64218.9 , 64425.7 , 64519.9 , 64508.5 , 
29767.2 , 31098.3 , 31555.9 , 32610.4 , 34098.2 , 36552.7 , 37258.7 , 39991.4 , 41199.8 , 41883.4 , 43103.7 , 43239.2 , 44322.8 , 44322.8 , 
10710.7 , 11745.9 , 11972.5 , 12715.3 , 13430 , 14784.5 , 15447 , 16549.1 , 17492.7 , 17663 , 18438.7 , 18438.7 , 19339.5 , 19339.5 , 
15531 , 16629 , 17230.8 , 17843.6 , 18606.1 , 21662.2 , 22115.7 , 23570.2 , 24369.6 , 24657.2 , 26015.4 , 26015.4 , 26648.7 , 26648.7 , 
29649.8 , 30632.4 , 31167.8 , 31744.8 , 32647.1 , 34214.7 , 35111.4 , 37548.1 , 38837.8 , 40114.6 , 41290.9 , 41477.8 , 42558.8 , 42558.8 , 
79001.4 , 81390.4 , 82045.5 , 83514.9 , 85203.8 , 86369.4 , 87969.5 , 91916.4 , 93656.3 , 98235.5 , 101568 , 102235 , 104860 , 104860 , 
72284.3 , 74592.5 , 75822.2 , 77086.7 , 79478.7 , 83341.5 , 85023.7 , 90085.2 , 92666.4 , 94563.1 , 97304.8 , 97433.2 , 100413 , 100413 , 
98473.6 , 99784.2 , 100514 , 101481 , 102509 , 103703 , 104964 , 106420 , 107454 , 109564 , 110858 , 111978 , 113913 , 114023 , 
24603.1 , 26792.2 , 27608.6 , 29035.4 , 31124 , 35154 , 36701.9 , 39270 , 41125.8 , 41895.2 , 44054.6 , 44124.9 , 46174.1 , 46174.1 , 
99741.4 , 100884 , 101661 , 102576 , 103845 , 104788 , 106007 , 106405 , 107170 , 108979 , 110008 , 111398 , 113295 , 113489 , 
43445.5 , 45453.1 , 46355.3 , 48606.5 , 51563.1 , 59308.1 , 60494.9 , 62455.4 , 64775.6 , 65529.6 , 67651.1 , 67749.3 , 69982.3 , 69982.3 , 
11582.4 , 12776.4 , 13265.7 , 13942.1 , 14782.5 , 17376 , 18239.2 , 19454.1 , 20683 , 21019.4 , 22496.4 , 22504.4 , 23495.8 , 23495.8 , 
40799.3 , 42763.9 , 43808.8 , 45089.8 , 47595.4 , 54756.1 , 56318.2 , 58959 , 60520 , 61120.3 , 63735.5 , 63815.7 , 65826.3 , 65826.3 , 
42449.9 , 44709.6 , 45410.7 , 47248 , 49762.3 , 56446.9 , 57865 , 61642.3 , 64042.1 , 64757.8 , 67042.2 , 67074.7 , 69414.5 , 69414.5 , 
56925.3 , 59069.6 , 60194.7 , 62027 , 63819.6 , 71271.2 , 72689.9 , 77808.2 , 79683.9 , 80797.8 , 83576.2 , 83816.3 , 86122.8 , 86122.8 , 
133769 , 135627 , 136694 , 138026 , 140231 , 140060 , 141357 , 146644 , 148460 , 154151 , 157796 , 159403 , 163851 , 163863 , 
188064 , 188603 , 188703 , 188849 , 188959 , 192165 , 192165 , 192165 , 192165 , 192165 , 192165 , 192165 , 192165 , 192165 , 
81835.8 , 83931 , 85172.2 , 87086.8 , 89363.8 , 101569 , 104331 , 110847 , 114414 , 115771 , 118954 , 119211 , 122813 , 122813 , 
45844.6 , 48044.6 , 49469 , 52007.2 , 55453.5 , 63390.2 , 64797.2 , 69360.5 , 72518.6 , 73398.7 , 77042.9 , 77241.5 , 79963.4 , 79963.4 , 
59966.7 , 62675 , 64181.1 , 65697.4 , 67574 , 79353.1 , 81198.9 , 84564.9 , 88457.2 , 89481.5 , 93770.6 , 93815.9 , 96181.1 , 96181.1 , 
19999.8 , 21848.6 , 22633.3 , 23609 , 25313.4 , 29175.3 , 30500.1 , 33441.8 , 35571.7 , 36165.7 , 38263.9 , 38337.6 , 39825.4 , 39825.4 , 
134763 , 136698 , 138009 , 139647 , 141383 , 142434 , 143976 , 149407 , 150826 , 154715 , 157355 , 159746 , 165169 , 165191 , 
97027 , 99463.6 , 100878 , 102823 , 105649 , 112545 , 115654 , 126244 , 130441 , 132307 , 137330 , 137546 , 140546 , 140546 , 
12885.4 , 14936.1 , 15810.1 , 16547.1 , 17612.3 , 21103.4 , 22140.2 , 24482.7 , 26113.5 , 26489.1 , 28099.7 , 28122 , 29590.4 , 29590.4 , 
88761.2 , 91744.5 , 93397.3 , 95846.8 , 98897.2 , 107158 , 108916 , 117965 , 122195 , 123305 , 127988 , 128339 , 132043 , 132043 , 
274852 , 289917 , 296631 , 306852 , 326648 , 345276 , 351887 , 364654 , 373559 , 378973 , 394455 , 396987 , 414090 , 414090 , 
924479 , 927508 , 929134 , 932195 , 934236 , 966531 , 969026 , 977638 , 980011 , 985205 , 987650 , 989442 , 991608 , 991606 , 
198357 , 215402 , 223700 , 238473 , 255683 , 270700 , 278477 , 290275 , 298048 , 300090 , 309652 , 309777 , 321385 , 321385 , 
19399.2 , 22099.4 , 24243.3 , 26242.5 , 28065.6 , 29770.1 , 30715.4 , 33962.9 , 36053.2 , 36974.5 , 39733.2 , 39847 , 41588 , 41588 , 
60837.8 , 68291.9 , 72344.6 , 77303.1 , 85108.2 , 90745.6 , 95534.1 , 100754 , 104809 , 106560 , 111601 , 111875 , 117199 , 117199 , 
720644 , 734492 , 739578 , 746695 , 756723 , 764694 , 773306 , 783338 , 788670 , 805449 , 813684 , 821533 , 846230 , 846724 , 
28900 , 32049.9 , 33619.9 , 36133.7 , 38338.5 , 39966.1 , 41219 , 44710.7 , 47193.1 , 48693.3 , 52281 , 52398.6 , 54394.2 , 54394.2 , 
610570 , 628198 , 635872 , 647749 , 662615 , 679035 , 685867 , 712985 , 725283 , 736976 , 749465 , 753197 , 769438 , 769598 , 
719816 , 732036 , 736900 , 745596 , 757626 , 762099 , 769782 , 791375 , 796505 , 810550 , 825977 , 831317 , 848477 , 848709 , 
539948 , 557666 , 566648 , 578418 , 592379 , 608830 , 617597 , 646908 , 659959 , 668291 , 686837 , 688504 , 707170 , 707170 , 
28984.1 , 32160.7 , 33737.8 , 35624.8 , 38821.6 , 41530.4 , 42685.4 , 44794 , 46326.9 , 46980.2 , 49557.7 , 49517.8 , 52181 , 52181 , 
186318 , 189742 , 190716 , 192592 , 195807 , 195772 , 197820 , 201126 , 202818 , 206737 , 209004 , 211404 , 216367 , 216643 , 
233404 , 234679 , 235405 , 236581 , 237569 , 243878 , 244570 , 245951 , 246359 , 247295 , 248081 , 248555 , 249055 , 249112 , 
209496 , 211712 , 212721 , 214173 , 216087 , 220392 , 222125 , 223619 , 224659 , 225862 , 227144 , 228484 , 229898 , 230233 , 
167664 , 170148 , 171865 , 174241 , 177881 , 179173 , 181846 , 187158 , 189611 , 194100 , 196920 , 198183 , 202555 , 202614 , 
56483.9 , 59387.8 , 61083.6 , 63634.7 , 67917.5 , 72616.5 , 74277.4 , 77414.1 , 79879.4 , 81529.8 , 84661.7 , 84757.2 , 87208.8 , 87208.8 , 
37503.1 , 40859.8 , 42530.9 , 45049.6 , 48914.4 , 52309.6 , 53286.2 , 55473.2 , 58018.1 , 58509.8 , 60055.4 , 60114.3 , 63395.8 , 63395.8 , 
121894 , 125874 , 127952 , 131249 , 135357 , 141055 , 143084 , 147538 , 149940 , 152422 , 156547 , 157235 , 161212 , 161212 , 
31115.6 , 35009.9 , 35766.4 , 37927.7 , 41358.7 , 43082.2 , 44520.2 , 46934.9 , 48495.6 , 49222.3 , 51769.4 , 51966 , 53959.2 , 53959.2 , 
233847 , 243206 , 246702 , 251757 , 259205 , 273498 , 277726 , 287726 , 294341 , 298803 , 309780 , 309871 , 315918 , 315918 , 
326922 , 332872 , 336000 , 341715 , 349904 , 354050 , 359313 , 369863 , 374446 , 381071 , 389250 , 391154 , 401696 , 401696 , 
159098 , 165626 , 169431 , 175977 , 185088 , 199862 , 203527 , 208684 , 214641 , 216674 , 225461 , 226196 , 233255 , 233255 , 
168064 , 175439 , 180867 , 185266 , 195765 , 208191 , 211015 , 218121 , 223620 , 227942 , 236904 , 238265 , 247502 , 247502 , 
166466 , 177236 , 182244 , 189592 , 198959 , 210519 , 214740 , 220623 , 225464 , 228838 , 235937 , 236499 , 244389 , 244389 , 
472457 , 474138 , 475070 , 476226 , 477118 , 495043 , 496017 , 500166 , 501013 , 502472 , 503295 , 504249 , 505258 , 505276 , 
408434 , 411630 , 413845 , 415556 , 418709 , 424904 , 427101 , 430247 , 432039 , 434293 , 436289 , 440611 , 444289 , 444574 , 
165799 , 174473 , 178941 , 184776 , 193494 , 207312 , 209803 , 216773 , 222559 , 226761 , 234387 , 235634 , 243992 , 243992 , 
267476 , 274016 , 277479 , 284042 , 293106 , 302349 , 308623 , 320518 , 328310 , 333041 , 342821 , 343734 , 349845 , 349845 , 
66243.7 , 70916.9 , 74339.2 , 78584.4 , 85789.4 , 91883.3 , 95198.8 , 98884.8 , 101201 , 103588 , 108529 , 108651 , 113674 , 113674 , 
90254.2 , 95260.9 , 99271.5 , 105749 , 115149 , 122113 , 128752 , 134368 , 140206 , 141805 , 148429 , 148959 , 154991 , 154991 , 
369537 , 385529 , 389552 , 397374 , 411861 , 435269 , 440757 , 452840 , 461225 , 466938 , 482024 , 483362 , 492184 , 492184 , 
208212 , 216394 , 223391 , 230327 , 244900 , 262217 , 268301 , 277579 , 285366 , 289003 , 303182 , 303811 , 313018 , 313018 , 
35637.7 , 40340.5 , 42870.7 , 47108.8 , 52275.7 , 55323.8 , 58575.7 , 61461 , 64060.6 , 65172.3 , 69108.1 , 69426.5 , 72854.6 , 72854.6 , 
76172.8 , 84088.4 , 88068.2 , 94384.8 , 101287 , 109320 , 112796 , 118493 , 123104 , 126544 , 132062 , 132306 , 139202 , 139202 , 
85378 , 95109.5 , 99293.2 , 104990 , 114445 , 122115 , 126324 , 133478 , 137638 , 138859 , 144871 , 145341 , 151689 , 151689 , 
155285 , 167198 , 171052 , 180811 , 192457 , 203464 , 208304 , 215284 , 222739 , 227507 , 237719 , 239037 , 250116 , 250116 , 
186948 , 200665 , 206799 , 214548 , 230353 , 246421 , 251350 , 259411 , 265316 , 268329 , 275775 , 276776 , 287228 , 287228 , 
548302 , 560399 , 563378 , 569786 , 579255 , 582897 , 589606 , 598556 , 604494 , 614290 , 618985 , 625408 , 640980 , 641105 , 
446726 , 460244 , 466730 , 473508 , 487005 , 494394 , 503588 , 520694 , 528695 , 537599 , 548479 , 551514 , 566542 , 566542 , 
320333 , 328898 , 333173 , 338129 , 345156 , 352945 , 359257 , 367722 , 372797 , 379009 , 387314 , 388942 , 395630 , 395630 , 
14858.5 , 18268.6 , 19121.4 , 20978.9 , 23803.9 , 24646.7 , 26546.2 , 27561.2 , 28286.9 , 28820 , 30260.8 , 30440.7 , 32511.1 , 32511.1 , 
214582 , 223336 , 226830 , 232791 , 243735 , 259333 , 261246 , 266335 , 269901 , 271459 , 278620 , 279319 , 284739 , 284739 , 
395809 , 402173 , 405621 , 409883 , 417424 , 421785 , 428395 , 435227 , 438314 , 442224 , 447188 , 449989 , 456926 , 457015 , 
8981.6 , 10442.1 , 11289.8 , 12496.1 , 13785.4 , 14163.9 , 14675 , 15660 , 16163 , 16554.2 , 17563.2 , 17624.1 , 18558.1 , 18558.1 , 
190126 , 200159 , 203933 , 210595 , 223515 , 234581 , 238449 , 245696 , 249507 , 251417 , 257915 , 258499 , 265612 , 265612 , 
452419 , 458482 , 460503 , 464961 , 470156 , 473768 , 476434 , 479146 , 481053 , 484726 , 486957 , 490335 , 494530 , 495298 , 
7020.06 , 7865.22 , 8116.78 , 8610.32 , 8831.14 , 8956.84 , 9312.64 , 9991.94 , 10535.6 , 10830.1 , 11364.1 , 11403.5 , 11793 , 11793 , 
173866 , 182884 , 186954 , 194062 , 205315 , 215583 , 218743 , 224612 , 228702 , 231589 , 236563 , 237186 , 244947 , 244947 , 
952149 , 958059 , 960582 , 965337 , 973066 , 981953 , 986366 , 990400 , 994194 , 1.00035e+06 , 1.00555e+06 , 1.01111e+06 , 1.02015e+06 , 1.02115e+06 , 
360007 , 378700 , 387445 , 402501 , 426874 , 451851 , 454994 , 466401 , 471489 , 475065 , 485863 , 488131 , 502782 , 502782 , 
56718.3 , 64902.6 , 68069.4 , 73487.5 , 81040.1 , 85898 , 90635.9 , 94738.9 , 97632 , 98937.4 , 103554 , 104564 , 109990 , 109990 , 
789395 , 801329 , 806418 , 816083 , 827744 , 836057 , 844453 , 859570 , 867933 , 877678 , 888264 , 893051 , 909154 , 909296 , 
188049 , 202297 , 211340 , 223907 , 240677 , 252813 , 261795 , 267503 , 274523 , 276728 , 285048 , 286382 , 297446 , 297446 , 
615228 , 631153 , 636967 , 647762 , 664560 , 684329 , 691574 , 714136 , 724072 , 733185 , 744024 , 746412 , 761563 , 761563 , 
616835 , 632043 , 639460 , 655903 , 675647 , 693197 , 700544 , 719926 , 731048 , 740928 , 750293 , 752819 , 768763 , 768763 , 
28132 , 31149.9 , 32616.1 , 35060.9 , 38309.4 , 39922.7 , 41745.7 , 43488.7 , 45481.9 , 46349 , 48760.6 , 49003.3 , 51818.6 , 51818.6 , 
646014 , 663707 , 671189 , 685296 , 701244 , 715949 , 726691 , 744542 , 752391 , 762824 , 779403 , 783391 , 797684 , 797684 , 
650737 , 665608 , 676194 , 687360 , 706157 , 722171 , 734173 , 750824 , 761981 , 769778 , 785666 , 788176 , 805807 , 805807 , 
