milestone, 1, 2, 3, 5, 10, 20, 30, 40, 50, 60, 70, 80, 90, 100
160607 , 163044 , 164605 , 166498 , 168770 , 170956 , 172220 , 172778 , 173201 , 173642 , 173917 , 174224 , 174471 , 175100 , 
32541.4 , 34230.3 , 35645.5 , 37243.6 , 39359.6 , 41074.9 , 41985.4 , 42537.3 , 43029.5 , 43719 , 43990.3 , 44309.7 , 44466.4 , 44678.7 , 
163081 , 164977 , 166361 , 168665 , 170876 , 172890 , 173984 , 174593 , 175339 , 175770 , 176015 , 176238 , 176328 , 176407 , 
212930 , 215397 , 216266 , 217091 , 218453 , 219479 , 219848 , 220064 , 220141 , 220194 , 220293 , 220332 , 220370 , 220389 , 
217339 , 219869 , 220621 , 221546 , 222404 , 223531 , 224003 , 224128 , 224323 , 224430 , 224479 , 224694 , 224732 , 224763 , 
32130.8 , 33662.3 , 34896.3 , 35618.6 , 36796.6 , 38179.9 , 38675 , 39617 , 39781.5 , 39871.7 , 39995.7 , 40446.6 , 40635.7 , 40678.6 , 
2295.74 , 2582.06 , 2678.32 , 2937.94 , 3487.48 , 3713.5 , 3884.56 , 4055.22 , 4110.5 , 4298.88 , 4392.92 , 4468.3 , 4505.34 , 4541.86 , 
23406 , 24932.1 , 25679.5 , 27030.3 , 28771.2 , 29924.6 , 30605.5 , 31611.8 , 31846.1 , 32198.5 , 32402 , 32634.6 , 32935.4 , 33255.7 , 
224015 , 225932 , 226396 , 227455 , 228699 , 229821 , 230155 , 230591 , 230747 , 230981 , 231143 , 231185 , 231241 , 231262 , 
13096.1 , 13890.7 , 14204.5 , 14446.5 , 14844.4 , 15212.2 , 15508.7 , 15631.9 , 15663.8 , 15738.1 , 15835.9 , 15873.1 , 15943.2 , 15966.6 , 
7293.12 , 7727 , 7943.1 , 8240.66 , 8887.24 , 9338.8 , 9434.1 , 9557.9 , 9661.64 , 9743.94 , 9818.28 , 9891.16 , 9969.74 , 10067.5 , 
50847.1 , 51182.1 , 51413.6 , 51791.4 , 52358.5 , 52714.9 , 52892.6 , 52980.2 , 53104.2 , 53151.4 , 53202 , 53273.4 , 53305.8 , 53368.9 , 
827.62 , 949.92 , 999.76 , 1116.12 , 1212.96 , 1301.76 , 1346.14 , 1377.74 , 1410.36 , 1434.76 , 1476.82 , 1492.4 , 1508.28 , 1514.18 , 
42775.7 , 43462.5 , 43766.5 , 44235.3 , 44666.2 , 45098.2 , 45342.7 , 45487.8 , 45591.9 , 45701.8 , 45798.3 , 45841.3 , 45862.5 , 45903.5 , 
58682.4 , 59098.7 , 59263.1 , 59515.4 , 59810 , 60025.9 , 60203.6 , 60285.9 , 60332.9 , 60355.1 , 60376.9 , 60412.9 , 60448.1 , 60464.2 , 
22859.9 , 23748.1 , 23979.3 , 24513.8 , 25244.5 , 25903.6 , 26259 , 26623.2 , 26732 , 26771 , 26854.6 , 27004.5 , 27068 , 27177.8 , 
4553.58 , 4950 , 5113.14 , 5268.02 , 5788.18 , 6108.36 , 6319.2 , 6479.54 , 6554.08 , 6646.2 , 6664.78 , 6709 , 6789.98 , 6829.86 , 
7867.06 , 8221.36 , 8653.54 , 9076.78 , 9515.04 , 10010.4 , 10293 , 10533.1 , 10684.6 , 10754.6 , 10919.8 , 10968.9 , 11075.1 , 11103.3 , 
24032.3 , 24720.9 , 25059.5 , 25570.6 , 26237.8 , 26617.5 , 26840.9 , 27038.8 , 27162.8 , 27321.8 , 27419.2 , 27481.9 , 27658.8 , 27726.9 , 
69931.2 , 71494.3 , 72075.5 , 73242.9 , 74593.9 , 75625.2 , 76026.7 , 76200.5 , 76424.4 , 76776.3 , 76888.6 , 77042.3 , 77176.9 , 77204.9 , 
60304.3 , 62098.7 , 62977 , 64086 , 64628.2 , 65576.1 , 66520.7 , 66866 , 67112.6 , 67365.8 , 67661.1 , 67909.3 , 68250.4 , 68491.5 , 
91429.4 , 92414 , 93206.2 , 94062 , 95213.2 , 96139.8 , 96671.3 , 96997.6 , 97255.8 , 97418.7 , 97580.3 , 97656.5 , 97711 , 97904.4 , 
12367.9 , 13645.4 , 14064.1 , 14659.6 , 15749.1 , 16108.3 , 16434.7 , 16579.1 , 16740.5 , 16869.8 , 17002 , 17081 , 17393.6 , 17458.3 , 
93486.5 , 94955.8 , 95800.8 , 96599.2 , 97590.5 , 98198.2 , 98648.5 , 98986.9 , 99077.9 , 99388.6 , 99631.7 , 99692.5 , 99722.9 , 99735.9 , 
29081.8 , 30764.4 , 31326.2 , 32736.5 , 33909.6 , 34347 , 35105.2 , 35443.5 , 35686.7 , 36082 , 36179.7 , 36298.5 , 36436.5 , 36567.2 , 
4486.66 , 4903.16 , 5087.38 , 5507.2 , 5847.08 , 6168.4 , 6533.24 , 6688.96 , 6846.36 , 6979.34 , 7009.56 , 7095.98 , 7114.1 , 7167.86 , 
27835.4 , 28870.6 , 29936.1 , 30615 , 31464.9 , 32447.8 , 32891.4 , 33371.2 , 33446.1 , 33642.1 , 33923 , 33974.8 , 34074.4 , 34162 , 
28450.9 , 29561.7 , 30094 , 31829.9 , 32781.9 , 33521.7 , 34037.2 , 34234.9 , 34625.8 , 34855.2 , 34979.5 , 35231 , 35450.6 , 35494.4 , 
45079.8 , 46960.7 , 47332.4 , 48160.1 , 49040 , 50269.5 , 50797.9 , 51243.7 , 51491.3 , 51610.6 , 51870.2 , 51950.3 , 52179.8 , 52387.1 , 
120515 , 123152 , 124069 , 125357 , 127154 , 128731 , 129707 , 130187 , 130354 , 130744 , 130936 , 131380 , 131547 , 131628 , 
187923 , 188355 , 188420 , 188470 , 188594 , 188643 , 188652 , 188654 , 188657 , 188657 , 188657 , 188657 , 188657 , 188657 , 
60234.2 , 62965.2 , 64285.4 , 65815.5 , 67683.6 , 69178.9 , 69586.3 , 70279.6 , 70396.6 , 70961.4 , 71070.8 , 71483 , 71606.7 , 71727.7 , 
27949.1 , 29528.7 , 30598.6 , 31614 , 32630.3 , 33600.8 , 33943.9 , 34412.1 , 34816.8 , 34948.9 , 35190.1 , 35288.7 , 35832.1 , 36046.3 , 
37491.3 , 39931.1 , 40863.1 , 41885.2 , 43467.2 , 44707 , 45302.8 , 45898.6 , 46573.8 , 46835.2 , 46927.1 , 47533.2 , 47746.5 , 47839.8 , 
7828.02 , 8823.3 , 9217.64 , 9637.16 , 10533.3 , 11396.6 , 11796 , 12074.2 , 12257.4 , 12334.5 , 12380.5 , 12441.2 , 12541.8 , 12612.6 , 
119459 , 122858 , 123669 , 124521 , 126278 , 128137 , 128720 , 129353 , 129864 , 130357 , 130855 , 131048 , 131253 , 131450 , 
77809.3 , 80436.1 , 81495.3 , 83246 , 85195 , 86981.8 , 87917.5 , 88579.3 , 89139.5 , 89589.3 , 89879.6 , 89946.8 , 90024.5 , 90250 , 
6559.96 , 6946.54 , 7186.4 , 7441.7 , 7868.84 , 8387.06 , 8654.66 , 8845.3 , 8982.34 , 9127.28 , 9209.02 , 9320.66 , 9348.98 , 9390.12 , 
72356.6 , 74053.8 , 74962.9 , 76209.5 , 78043 , 79736 , 80719.5 , 81087.7 , 81271.7 , 81518.7 , 81839.5 , 82076.8 , 82315.4 , 82608.1 , 
165103 , 170942 , 172902 , 177906 , 182503 , 189245 , 190698 , 191717 , 194278 , 194992 , 195606 , 195959 , 196909 , 197230 , 
905356 , 908827 , 910725 , 913022 , 916903 , 920551 , 921944 , 922836 , 923242 , 923338 , 923515 , 923707 , 923903 , 924103 , 
98308.6 , 103133 , 105079 , 107258 , 111842 , 116014 , 117199 , 119634 , 120435 , 121073 , 122080 , 124156 , 124872 , 125798 , 
3756.38 , 4356.1 , 4620.48 , 4929.48 , 5402.66 , 5778.04 , 5962.52 , 6308.02 , 6434.58 , 6628.48 , 6693.5 , 6859.42 , 6887.18 , 7041.12 , 
17354.3 , 18588.4 , 19293.2 , 20460 , 21480.4 , 22664.1 , 23379.1 , 23587.1 , 24106.6 , 24399.4 , 24663.7 , 25027.6 , 25379.3 , 25706.5 , 
662573 , 667901 , 671709 , 678455 , 686452 , 692997 , 696250 , 697625 , 699536 , 700277 , 700839 , 701469 , 703019 , 703487 , 
4878.5 , 5459.18 , 5742.6 , 6299.82 , 6832.4 , 7479.06 , 7764.28 , 7956.32 , 8150.42 , 8236.96 , 8317.6 , 8469.84 , 8667.6 , 8704.48 , 
535171 , 543641 , 546817 , 552238 , 560066 , 565771 , 568299 , 571413 , 573631 , 574457 , 575103 , 575130 , 576033 , 576573 , 
639929 , 650675 , 658848 , 663963 , 670394 , 676511 , 680965 , 683474 , 684648 , 685385 , 687327 , 688677 , 689755 , 690129 , 
443868 , 456167 , 460393 , 464537 , 473700 , 479575 , 481885 , 484604 , 486307 , 487242 , 488088 , 489247 , 490028 , 491058 , 
12274.1 , 13322.8 , 13682.6 , 14143.6 , 14786.8 , 15741.8 , 16002.3 , 16344.1 , 16520.5 , 16666.2 , 16793.8 , 16904.5 , 16994.1 , 16995.4 , 
169153 , 171837 , 172698 , 173606 , 175710 , 177318 , 178238 , 178575 , 179219 , 179456 , 179657 , 179977 , 180051 , 180182 , 
226238 , 227939 , 228612 , 229607 , 230946 , 231766 , 232220 , 232552 , 232637 , 232885 , 233018 , 233097 , 233182 , 233217 , 
197736 , 199870 , 200919 , 202011 , 203369 , 204942 , 205601 , 205846 , 206028 , 206238 , 206327 , 206490 , 206716 , 206804 , 
145879 , 148946 , 149556 , 151492 , 152945 , 154560 , 155611 , 156252 , 156695 , 157093 , 157461 , 157853 , 157987 , 158295 , 
33529.8 , 35074.8 , 35617.7 , 36349.5 , 37730.5 , 38781.5 , 39400 , 39654 , 39950.2 , 40336.4 , 40510.4 , 40536.6 , 40726 , 40892.6 , 
18727.7 , 19579.8 , 19931 , 20965.5 , 21487.5 , 22306 , 22777.1 , 23119.7 , 23239.3 , 23355.8 , 23622 , 23726.8 , 23830.9 , 23914.3 , 
92240.9 , 94591.8 , 95852.5 , 97082.7 , 98209.6 , 99694.7 , 100945 , 101905 , 102517 , 103091 , 103420 , 103544 , 103951 , 104159 , 
13748.8 , 14423.7 , 14845.6 , 15410.2 , 16064.2 , 16646.9 , 17163.9 , 17337.7 , 17505.3 , 17578.6 , 17688.8 , 17768.6 , 17867 , 17997.8 , 
175709 , 181138 , 182706 , 185645 , 188803 , 191319 , 193437 , 194883 , 195487 , 196801 , 197677 , 199211 , 199684 , 199940 , 
285956 , 289489 , 291280 , 295922 , 299115 , 302164 , 303382 , 304863 , 305175 , 306314 , 307346 , 308402 , 308718 , 309321 , 
110265 , 113907 , 115919 , 118902 , 122335 , 124496 , 126388 , 127229 , 128391 , 128935 , 129163 , 129353 , 129505 , 129906 , 
112113 , 117072 , 118796 , 120892 , 122614 , 126104 , 128298 , 129123 , 130116 , 130843 , 131195 , 131561 , 131954 , 132595 , 
111505 , 116622 , 118924 , 120901 , 123281 , 127079 , 128726 , 129988 , 130518 , 130940 , 131143 , 131779 , 132060 , 132450 , 
464320 , 467065 , 467912 , 468697 , 469975 , 471012 , 471677 , 472026 , 472309 , 472368 , 472466 , 472656 , 472914 , 472994 , 
386347 , 390570 , 392022 , 393813 , 396629 , 398980 , 400144 , 400654 , 400761 , 401076 , 402087 , 402337 , 402570 , 402820 , 
119455 , 122014 , 124583 , 127321 , 130039 , 133270 , 134620 , 135192 , 135623 , 136288 , 136386 , 136846 , 137199 , 137203 , 
217639 , 221818 , 225173 , 228690 , 233054 , 235956 , 238012 , 239514 , 240280 , 240652 , 241450 , 242458 , 242981 , 243417 , 
31462.5 , 32904.6 , 33691.5 , 34497.9 , 36047.3 , 37317.2 , 37871.6 , 38451.2 , 38825.5 , 39129 , 39435 , 39475.2 , 39591.7 , 39796.4 , 
37185.9 , 38953 , 40004.6 , 41261.3 , 42763.5 , 45180 , 46433.9 , 47313.6 , 47438.3 , 47609.8 , 47791.8 , 48255.2 , 48601.9 , 48637.5 , 
291780 , 299296 , 302460 , 307066 , 311831 , 314893 , 318499 , 320064 , 320377 , 321013 , 322366 , 323725 , 324843 , 325391 , 
146212 , 151799 , 153107 , 155671 , 158219 , 161244 , 163581 , 164346 , 165482 , 166735 , 167283 , 167530 , 168514 , 168861 , 
9694.78 , 10544.3 , 10865.7 , 11231.3 , 11996.6 , 12722.4 , 13133.2 , 13277.9 , 13509.9 , 13688.9 , 13953.6 , 14033.9 , 14124.7 , 14225.6 , 
42500.4 , 44924.5 , 45603.5 , 46898.8 , 48932.4 , 50258.1 , 51132.5 , 52059.5 , 52748.5 , 52966.4 , 53119.2 , 53218.4 , 53716.9 , 53947.8 , 
33856.2 , 36016.3 , 36772.2 , 37980.4 , 39574.3 , 42222 , 43131.5 , 43898.4 , 44583 , 44963.5 , 45465.4 , 45668.5 , 45747.1 , 46182.2 , 
81195.6 , 86169.5 , 87852.6 , 90152.8 , 92574.4 , 96485.2 , 97603.8 , 98665.4 , 99524.7 , 100023 , 100562 , 101184 , 101991 , 102431 , 
114466 , 118328 , 119673 , 122219 , 125657 , 129542 , 130808 , 132009 , 132817 , 134178 , 135170 , 136224 , 136963 , 137511 , 
495379 , 506386 , 508070 , 510756 , 514572 , 518507 , 520441 , 522937 , 524520 , 526132 , 526966 , 527060 , 528455 , 529235 , 
384460 , 393319 , 395981 , 398587 , 404115 , 408596 , 411839 , 413107 , 415137 , 416011 , 416625 , 416997 , 417255 , 419120 , 
270442 , 274180 , 275964 , 278888 , 282300 , 286402 , 288778 , 290127 , 291016 , 291336 , 291591 , 291780 , 292220 , 292658 , 
2967.8 , 3252.54 , 3442.62 , 3685.16 , 4074.6 , 4421.26 , 4541.68 , 4575.74 , 4675.18 , 4752.94 , 4774.4 , 4810.1 , 4837.52 , 4893.82 , 
154922 , 160092 , 161436 , 163801 , 167540 , 171519 , 172481 , 173372 , 174266 , 174943 , 175568 , 175706 , 176573 , 176970 , 
354282 , 360644 , 362462 , 363917 , 367288 , 371143 , 372758 , 373274 , 373614 , 374326 , 374598 , 375404 , 375624 , 376543 , 
1203.92 , 1389.58 , 1446.4 , 1580.08 , 1775.42 , 1989.94 , 2057.38 , 2117.36 , 2144.88 , 2192.86 , 2241.04 , 2260 , 2280.28 , 2301.16 , 
134345 , 137975 , 138945 , 142996 , 145647 , 148490 , 149483 , 150476 , 151282 , 152280 , 152717 , 152897 , 153108 , 153136 , 
421492 , 425654 , 427350 , 429480 , 432187 , 435775 , 436931 , 437980 , 438546 , 439156 , 439592 , 439736 , 440189 , 440386 , 
730.66 , 857.72 , 895.84 , 968.4 , 1105.26 , 1246.82 , 1329.78 , 1354.64 , 1394.42 , 1437.74 , 1470.64 , 1507.12 , 1510.58 , 1528.54 , 
120203 , 123780 , 125714 , 127716 , 130346 , 132987 , 134799 , 135643 , 136238 , 136881 , 137155 , 137295 , 137610 , 137970 , 
904261 , 912629 , 916141 , 920678 , 926207 , 931417 , 933755 , 934228 , 935006 , 935927 , 936762 , 937164 , 938026 , 938408 , 
268716 , 275878 , 277501 , 280609 , 286543 , 289807 , 292242 , 294331 , 295577 , 296256 , 297002 , 298047 , 298698 , 299696 , 
17649.9 , 19181.4 , 19672 , 20261.7 , 21333.4 , 22574.1 , 23459.5 , 24037.3 , 24435.9 , 24624.2 , 25059.4 , 25248.1 , 25352.2 , 25465.1 , 
710256 , 716685 , 720256 , 727564 , 734830 , 740921 , 743462 , 746101 , 747467 , 749032 , 749933 , 751255 , 751335 , 752333 , 
101793 , 104677 , 106433 , 109315 , 112051 , 114732 , 116142 , 117418 , 118226 , 119117 , 119595 , 119842 , 120182 , 120705 , 
508550 , 516316 , 522875 , 527912 , 537692 , 542669 , 546231 , 548443 , 550024 , 550779 , 551555 , 552686 , 552872 , 553525 , 
527268 , 536625 , 539059 , 544005 , 549849 , 554779 , 557090 , 560404 , 563201 , 565726 , 566249 , 567722 , 568611 , 569486 , 
4651.74 , 5004.82 , 5231.3 , 5519.86 , 6011.86 , 6565.5 , 6792.48 , 6968.7 , 7100.36 , 7225.02 , 7372.78 , 7446.44 , 7485.74 , 7611.68 , 
556507 , 564054 , 568260 , 575906 , 582965 , 589402 , 591882 , 594789 , 595280 , 596756 , 598380 , 599974 , 600577 , 600942 , 
547669 , 557125 , 563365 , 565837 , 575174 , 580107 , 584199 , 586635 , 587755 , 588561 , 589982 , 591579 , 592763 , 594242 , 
