29002 : 5,8,12,25,32,35,65,66,68,70,82,84,88,92,104,105,109,121,126,127,133,141,150,155,156,164,173,179,180,181,183,185,186,195,197,198,201,203,206,207,209,210,212,214,222,223,224,225,230,239,245,254,258,259,261,275,281,286,290,291
28874 : 8,12,25,32,35,65,66,68,82,84,88,92,104,105,109,121,126,127,133,141,150,155,156,164,173,179,180,181,183,185,186,195,197,198,201,203,206,207,208,209,210,212,214,222,223,224,225,230,239,245,254,258,259,261,275,281,284,286,290,291
28744 : 8,25,32,35,65,66,68,69,70,82,84,88,92,104,105,109,121,126,127,133,141,150,155,156,164,173,179,180,181,183,185,186,195,198,201,203,206,207,208,209,210,212,214,222,223,224,225,230,239,245,254,258,259,261,275,281,284,286,290,291
28742 : 8,12,25,32,35,65,66,68,69,70,82,84,88,92,104,105,109,121,126,127,133,141,150,155,156,164,173,179,180,181,183,185,195,197,198,201,203,206,207,209,210,212,214,222,223,224,225,230,239,245,254,258,259,261,275,281,284,286,290,291
28741 : 8,12,13,25,32,35,65,66,68,69,70,82,84,88,92,104,105,109,121,126,127,133,141,150,155,156,164,173,179,180,181,183,185,195,197,198,201,203,206,207,209,210,212,214,222,223,224,225,239,245,254,258,259,261,275,281,284,286,290,291
28700 : 8,12,25,32,35,65,66,68,69,71,82,84,88,92,104,105,109,121,126,127,133,141,150,155,156,164,173,179,180,181,183,185,186,195,197,198,201,203,205,206,207,209,210,212,214,222,223,224,225,230,239,245,254,258,259,261,275,281,286,290,291
28694 : 8,12,25,32,35,65,66,68,69,82,84,88,92,104,105,109,121,126,127,133,141,150,155,156,164,166,173,179,180,181,183,185,195,197,198,201,203,206,207,209,210,212,214,222,223,224,225,230,239,245,254,258,259,261,275,281,284,286,290,291
28690 : 8,12,13,25,32,35,65,66,68,69,70,82,84,88,92,105,109,121,126,127,133,141,150,155,156,164,173,179,180,181,183,185,186,195,197,198,201,203,206,207,209,210,212,214,222,223,224,225,239,245,254,258,259,261,275,281,284,286,290,291
28678 : 8,12,25,32,35,65,66,68,69,70,82,84,88,92,105,109,121,126,127,133,141,150,155,156,164,173,179,180,181,183,185,186,195,197,198,201,203,206,207,209,210,212,214,222,223,224,225,230,239,245,254,258,259,261,275,281,284,286,290,291
28677 : 8,12,25,32,35,65,66,68,71,82,84,88,92,104,105,109,121,126,127,133,141,150,155,156,164,173,179,180,181,183,185,186,195,197,198,201,203,206,207,208,209,210,212,214,222,223,224,225,230,239,245,254,258,259,261,275,281,286,290,291
28667 : 8,12,25,32,35,65,66,68,69,71,82,84,88,92,104,105,109,121,126,127,133,141,150,155,156,164,173,179,180,181,183,185,195,197,198,201,203,206,207,208,209,210,212,214,222,223,224,225,230,239,245,254,258,259,261,275,281,286,290,291
28634 : 8,25,32,35,65,66,68,69,82,84,88,92,104,105,109,121,126,127,133,141,150,155,156,164,173,179,180,181,183,185,186,195,197,198,201,203,206,207,208,209,210,212,214,222,223,224,225,230,239,245,254,258,259,261,275,281,284,286,290,291
28607 : 8,12,25,32,35,65,66,68,69,71,82,84,88,92,104,105,109,121,126,127,133,141,150,155,156,164,173,179,180,181,183,185,195,197,198,201,203,205,206,207,209,210,212,214,222,223,224,225,230,239,245,254,258,259,261,275,281,284,286,290,291
28550 : 8,12,25,32,35,65,66,68,69,70,71,82,84,88,92,104,105,109,121,126,127,133,141,150,155,156,164,173,179,180,181,183,185,195,197,198,201,203,206,207,209,210,212,214,222,223,224,225,230,239,245,254,258,259,261,275,281,286,290,291
28501 : 8,12,25,32,35,65,66,68,71,82,84,88,92,104,105,109,121,126,127,133,141,150,155,156,164,173,179,180,181,183,185,195,197,198,201,203,206,207,208,209,210,212,214,222,223,224,225,230,239,245,254,258,259,261,275,281,284,286,290,291
28488 : 8,12,25,32,35,61,65,66,68,69,71,82,84,88,92,104,105,109,121,126,127,133,141,150,155,156,164,173,179,180,181,183,185,195,197,198,201,203,206,207,209,210,212,214,222,223,224,225,230,239,245,254,258,259,261,275,281,284,286,290,291
28449 : 5,8,12,25,32,35,65,66,68,69,70,82,84,88,92,104,105,109,121,126,127,133,141,150,155,156,164,173,179,180,181,183,185,195,197,198,201,203,206,207,209,210,212,214,222,223,224,225,230,239,245,254,258,259,261,275,281,284,286,290
28423 : 8,12,25,32,35,65,66,68,71,82,84,88,92,104,105,109,121,126,127,133,141,150,155,156,164,166,173,179,180,181,183,185,195,197,198,201,203,206,207,209,210,212,214,222,223,224,225,230,239,245,254,258,259,261,275,281,284,286,290,291
28410 : 8,12,25,32,35,65,66,68,69,70,82,84,88,92,104,105,109,121,126,127,133,141,150,155,156,164,173,179,180,181,183,185,186,195,197,198,201,203,206,207,209,210,212,214,222,223,224,225,230,239,245,254,258,259,261,275,281,284,286,290
28406 : 5,8,12,25,32,35,65,66,68,70,82,84,88,92,104,105,109,121,126,127,133,136,141,150,155,156,164,173,179,180,181,183,185,186,195,197,198,201,203,206,207,209,210,212,214,222,223,224,225,230,245,254,258,259,261,275,281,286,290,291
28318 : 8,12,25,32,35,65,66,68,82,84,88,92,104,105,109,121,126,127,133,141,150,155,156,164,173,179,180,181,183,185,186,195,197,198,201,203,206,207,209,210,212,214,222,223,224,225,230,239,245,254,258,259,261,269,275,281,284,286,290,291
28299 : 8,12,25,32,35,65,66,68,69,82,84,88,92,104,105,109,121,126,127,133,141,150,155,156,164,173,179,180,181,183,185,195,197,198,201,203,206,207,209,210,212,214,222,223,224,225,230,239,245,254,258,259,261,269,275,281,284,286,290,291
28246 : 8,12,13,25,32,35,65,66,68,69,70,82,88,92,104,105,109,121,126,127,133,141,150,155,156,164,173,179,180,181,183,185,195,197,198,201,203,206,207,209,210,212,214,222,223,224,225,230,239,245,254,258,259,261,275,281,284,286,290,291
28137 : 8,12,25,32,35,65,66,68,71,82,84,88,92,104,105,109,121,126,127,133,141,150,155,156,164,173,179,180,181,183,185,186,195,197,198,201,203,206,207,209,210,212,214,222,223,224,225,230,239,245,254,258,259,261,269,275,281,286,290,291
28117 : 8,12,25,32,35,65,66,68,71,82,84,88,92,104,105,109,121,126,127,133,141,150,155,156,164,166,173,179,180,181,183,185,195,197,198,201,203,205,206,207,209,210,212,214,222,223,224,225,230,239,254,258,259,261,275,281,284,286,290,291
28103 : 8,12,25,32,35,65,66,68,69,70,71,82,84,88,92,104,105,109,121,126,127,133,141,150,155,156,164,173,179,180,181,183,185,195,197,198,201,203,206,207,209,210,212,214,222,223,224,225,230,239,245,254,258,259,261,275,281,284,286,290
28085 : 8,12,25,32,35,65,66,68,69,71,82,84,88,92,104,105,109,121,126,127,133,141,150,155,156,164,166,173,179,180,181,183,185,186,195,197,198,201,203,206,207,209,210,212,214,222,223,224,225,230,239,245,254,258,259,261,275,281,286,290
28051 : 8,12,13,25,32,35,65,66,68,69,70,82,84,88,92,104,105,109,121,126,127,133,141,150,155,156,164,173,179,180,181,183,185,195,197,198,201,203,206,207,209,210,212,214,223,224,225,230,239,245,254,258,259,261,275,281,284,286,290,291
28031 : 8,12,25,32,35,61,65,66,68,69,71,82,84,88,92,104,105,109,121,126,127,133,141,150,155,156,164,173,179,180,181,183,185,186,195,198,201,203,205,206,207,209,210,212,214,222,223,224,225,230,239,245,254,258,259,261,275,281,286,290,291
28005 : 8,12,25,32,35,54,65,66,68,69,82,84,88,92,104,105,109,121,126,127,133,141,150,155,156,164,173,179,180,181,183,185,195,197,198,201,203,205,206,207,209,210,212,214,222,223,224,225,230,239,245,254,258,259,261,275,281,286,290,291
27999 : 7,8,12,25,32,35,65,66,68,82,84,88,92,104,105,109,121,126,127,133,141,150,155,156,164,173,179,180,181,183,185,186,195,197,198,201,203,206,207,209,210,212,214,222,223,224,225,230,239,245,254,258,259,261,275,281,286,290,291
27985 : 7,8,12,25,32,35,65,66,68,69,82,84,88,92,104,105,109,121,126,127,133,141,150,155,156,164,173,179,180,181,183,185,195,197,198,201,203,206,207,209,210,212,214,222,223,224,225,230,239,245,254,258,259,261,275,281,286,290,291
27983 : 5,8,12,25,32,35,65,66,68,82,84,88,92,104,105,109,111,121,126,127,133,136,141,150,155,156,164,173,179,180,181,183,185,186,195,197,198,201,203,206,207,209,210,212,214,222,223,224,225,230,245,254,258,259,261,275,281,286,290,291
27947 : 8,12,25,32,35,65,66,68,71,82,84,88,92,104,105,109,121,125,126,127,128,133,141,150,155,156,164,173,179,180,181,183,185,195,198,201,203,206,207,209,210,212,214,222,223,224,225,230,239,245,254,258,259,261,275,281,284,286,290,291
27938 : 8,12,25,32,35,65,66,68,71,82,84,88,92,104,105,109,121,126,127,133,141,150,155,156,164,173,179,180,181,183,185,186,195,197,198,201,203,206,207,209,210,212,214,222,223,224,225,230,239,245,254,259,261,269,275,281,284,286,290,291
27922 : 8,12,25,32,35,65,66,68,71,82,84,88,92,104,105,109,121,126,127,133,141,150,155,156,164,173,179,180,181,183,185,186,195,197,198,201,203,205,206,207,208,209,210,212,214,222,223,224,225,230,239,245,254,258,259,261,275,281,286,290
27907 : 8,12,25,32,35,54,65,66,68,69,71,82,84,88,92,104,105,109,121,126,127,133,141,150,155,156,164,173,179,180,181,183,185,195,198,201,203,206,207,209,210,212,214,222,223,224,225,230,239,245,254,258,259,261,275,281,284,286,290,291
27896 : 8,12,25,32,35,65,66,68,69,71,75,82,84,88,92,104,105,109,121,126,127,133,141,150,155,156,164,173,179,180,181,183,185,195,197,198,201,203,206,207,209,210,212,214,222,223,224,225,230,239,245,254,258,259,261,275,281,284,286,290
27893 : 5,8,12,25,32,35,65,66,68,69,82,84,88,92,104,105,109,121,126,127,133,141,150,155,156,164,173,179,180,181,183,185,186,195,197,198,201,203,205,206,207,209,210,212,214,222,223,224,225,230,239,245,254,258,259,261,275,281,286,290
27881 : 8,25,32,35,65,66,68,69,71,82,84,88,92,104,105,109,121,126,127,133,141,147,150,155,156,164,173,179,180,181,183,185,186,195,197,198,201,203,205,206,207,209,210,212,214,222,223,224,225,230,239,245,254,258,259,261,275,281,286,290,291
27808 : 8,12,25,32,35,65,66,68,71,82,84,88,92,104,105,109,121,125,126,127,133,141,150,155,156,164,173,179,180,181,183,185,195,197,198,201,203,206,207,208,209,210,212,214,222,223,224,225,230,239,245,254,258,259,261,275,281,284,286,290
27763 : 8,12,25,32,35,61,65,66,68,69,71,82,84,88,92,104,105,109,121,126,127,133,141,150,155,156,164,173,179,180,181,183,185,195,197,198,201,203,205,206,207,209,210,212,214,222,223,224,225,230,239,245,254,258,259,261,275,281,284,286,290
27714 : 7,8,12,25,32,35,65,66,68,71,82,84,88,92,104,105,109,121,126,127,133,141,150,155,156,164,173,179,180,181,183,185,195,197,198,201,203,206,207,209,210,212,214,222,223,224,225,230,239,245,254,258,259,261,275,281,286,290,291
27710 : 8,12,25,32,35,54,65,66,68,71,82,84,88,92,104,105,109,121,126,127,133,141,150,155,156,164,173,179,180,181,183,185,195,197,198,201,203,205,206,207,209,210,212,214,222,223,224,225,230,239,245,254,258,259,261,275,281,286,290,291
27696 : 8,12,25,32,35,54,61,65,66,68,69,82,84,88,92,104,105,109,121,126,127,133,141,150,155,156,164,173,179,180,181,183,185,195,198,201,203,206,207,209,210,212,214,222,223,224,225,230,239,245,254,258,259,261,275,281,284,286,290,291
27639 : 8,12,25,32,35,61,65,66,68,69,82,84,88,92,104,105,109,121,126,127,133,141,150,155,156,164,173,179,180,181,183,185,195,198,201,203,206,207,209,210,212,214,222,223,224,225,230,239,245,254,258,259,261,269,275,281,284,286,290,291
27633 : 7,8,12,25,32,35,65,66,68,69,71,82,84,88,92,104,105,109,111,121,126,127,133,141,150,155,156,164,173,179,181,183,185,195,198,201,203,206,207,209,210,212,214,222,223,224,225,230,239,245,254,258,259,261,275,281,286,290,291
27629 : 8,12,25,32,35,54,65,66,68,69,71,82,84,88,92,104,105,109,121,126,127,133,141,150,155,156,164,173,179,180,181,183,185,195,198,201,203,205,206,207,209,210,212,214,222,223,224,225,230,239,245,254,258,259,261,275,281,286,290,291
27626 : 5,8,12,25,32,35,37,65,66,68,71,82,84,88,92,105,109,121,125,126,127,133,141,150,155,156,164,173,179,180,181,183,185,195,198,201,203,206,207,209,210,212,214,222,223,224,225,230,239,245,254,258,259,261,275,281,284,286,290,291
27626 : 8,12,25,32,35,37,65,66,68,71,82,84,88,92,104,105,109,121,125,126,127,133,141,150,155,156,164,173,179,180,181,183,185,195,198,201,203,206,207,209,210,212,214,222,223,224,225,230,239,245,254,258,259,261,275,281,284,286,290,291
27616 : 8,12,32,35,61,65,66,68,69,71,82,84,88,92,104,105,109,121,126,127,133,141,150,155,156,164,173,179,180,181,183,185,186,195,197,198,201,203,205,206,207,209,210,212,214,222,223,224,225,230,239,245,254,258,259,261,275,281,286,290,291
27612 : 7,8,12,25,32,35,65,66,68,69,71,82,84,88,92,104,105,109,121,126,127,133,141,150,155,156,173,179,180,181,183,185,195,198,201,203,206,207,209,210,212,214,222,223,224,225,230,239,245,254,258,259,261,275,281,284,286,290,291
27603 : 7,8,12,25,32,35,65,66,68,69,71,82,84,88,92,104,105,109,121,126,127,133,141,150,155,156,164,173,179,180,181,183,185,195,198,201,203,206,207,209,210,212,214,222,223,224,225,230,239,245,254,258,259,261,275,281,286,290,291
27582 : 8,12,25,32,35,54,65,66,68,71,82,84,88,92,104,105,109,121,125,126,127,133,141,150,155,156,164,173,179,180,181,183,185,195,198,201,203,206,207,209,210,212,214,222,223,224,225,230,239,245,254,258,259,261,275,281,284,286,290,291
27576 : 8,12,25,32,35,65,66,68,71,82,84,88,92,104,105,109,121,125,126,127,133,141,150,155,156,164,173,179,180,181,185,195,197,198,201,203,205,206,207,208,209,210,212,214,222,223,224,225,230,239,245,254,258,259,261,275,281,284,286,290
27552 : 7,8,12,25,32,35,61,65,66,68,69,82,84,88,92,104,105,121,126,127,133,141,150,155,156,164,173,179,180,181,183,185,195,197,198,201,203,206,207,209,210,212,214,222,223,224,225,230,239,245,254,258,259,261,275,281,286,290,291
27510 : 8,12,25,32,35,54,61,65,66,68,69,71,82,84,88,92,104,105,109,121,126,127,133,141,150,155,156,164,173,179,180,181,183,185,195,198,201,203,206,207,209,210,212,214,222,223,224,225,230,239,245,254,258,259,261,275,281,286,290,291
27505 : 8,12,25,32,35,54,65,66,68,69,71,84,88,92,104,105,109,121,126,127,133,141,150,155,156,164,173,179,180,181,183,185,195,198,201,203,205,206,207,209,210,212,214,222,223,224,225,230,239,245,254,258,259,261,275,281,284,286,290,291
27505 : 8,12,25,32,35,65,66,68,71,82,84,88,92,104,105,109,121,126,127,133,141,150,155,156,164,173,179,180,181,183,185,186,195,197,198,201,203,205,206,207,208,209,210,212,214,222,223,224,225,230,239,245,254,258,259,261,275,281,284,286
27490 : 8,25,32,35,65,66,68,69,70,82,84,88,92,104,105,109,121,126,127,133,141,150,155,156,164,173,179,180,181,183,185,186,195,197,198,201,203,206,207,208,209,210,212,214,222,223,224,225,230,239,245,254,258,259,261,275,281,284,286
27464 : 7,8,12,25,32,35,65,66,68,71,82,84,88,92,104,105,109,121,126,127,133,141,150,155,156,164,173,179,180,181,183,185,195,197,198,201,203,207,208,209,210,212,214,222,223,224,225,230,239,245,254,258,259,261,275,281,286,290,291
27415 : 7,8,12,25,32,35,65,66,68,71,82,84,88,92,104,105,109,121,126,127,133,141,150,155,156,164,173,179,180,181,183,185,195,197,198,201,203,205,206,207,210,212,214,222,223,224,225,230,239,245,254,258,259,261,275,281,286,290,291
27415 : 7,8,12,25,32,35,65,66,68,69,82,84,88,92,104,105,109,121,126,127,133,141,150,155,156,164,173,179,180,181,183,185,195,197,198,201,203,205,206,207,209,210,212,214,222,223,224,225,230,239,245,254,258,259,261,275,281,284,286
27373 : 7,8,12,25,32,35,65,66,68,82,84,88,92,104,105,107,109,121,126,127,133,141,150,155,156,173,179,180,181,183,185,195,197,198,201,203,205,206,207,209,210,212,214,222,223,224,225,230,245,254,258,259,261,275,281,284,286,290,291
27373 : 7,8,12,25,32,35,65,66,68,82,84,88,92,104,105,109,121,126,127,133,137,141,150,155,156,164,173,179,180,181,183,185,195,198,201,203,206,207,209,210,212,214,222,223,224,225,230,245,254,258,259,261,275,281,286,290,291
27373 : 7,8,12,25,32,35,65,66,68,71,75,82,84,88,92,104,105,109,121,126,127,133,141,150,155,156,164,173,179,180,181,183,185,195,197,198,201,203,206,207,209,210,212,214,222,223,224,225,230,245,254,258,259,261,275,281,286,290,291
27351 : 8,12,25,32,35,65,66,68,71,82,84,88,92,104,105,109,121,125,126,127,133,150,155,156,164,173,179,180,181,183,185,195,197,198,201,203,205,206,207,208,209,210,212,214,222,223,224,225,230,239,245,254,258,259,261,275,281,284,286,290
27346 : 7,8,12,25,32,35,65,66,68,69,71,82,84,88,92,104,105,109,121,126,127,133,141,150,155,156,164,173,179,180,181,183,185,195,197,198,201,203,206,207,209,210,212,214,222,223,224,225,230,239,245,254,258,259,261,275,281,286,290
27339 : 7,8,12,13,25,32,35,65,66,68,71,82,84,88,92,104,105,109,121,126,127,133,141,150,155,156,164,173,179,180,181,183,185,195,198,201,203,207,208,209,210,212,214,222,223,224,225,230,239,245,254,258,259,261,275,281,286,290,291
27334 : 7,8,12,25,32,35,65,66,68,69,71,82,84,88,92,104,105,109,121,126,127,133,141,150,155,156,164,173,179,180,181,183,185,195,198,201,203,205,206,207,210,212,214,222,223,224,225,230,239,245,254,258,259,261,275,281,286,290,291
27330 : 7,8,12,25,32,35,61,65,66,68,82,84,88,92,104,105,109,121,126,127,133,141,150,155,156,164,173,179,180,181,183,185,186,195,198,201,203,206,207,209,210,212,214,222,223,224,225,230,239,245,254,258,259,261,275,281,286,290,291
27322 : 8,12,32,35,65,66,68,69,82,84,88,92,104,105,109,121,126,127,133,141,150,155,156,164,173,179,180,181,183,185,195,197,198,201,203,205,206,207,209,210,212,214,222,223,224,225,230,239,245,254,258,259,261,269,275,281,284,286,290,291
27295 : 7,8,12,25,32,35,65,66,68,75,82,84,88,92,104,105,109,121,126,127,133,141,150,155,156,164,173,179,180,181,183,185,195,197,198,201,203,205,206,207,209,210,212,214,222,223,224,225,230,245,254,258,259,261,275,281,286,290,291
27284 : 8,13,25,32,35,65,66,68,69,70,82,84,88,92,104,105,109,121,126,127,133,141,150,155,156,164,173,179,180,181,183,185,186,195,198,201,203,206,207,208,209,210,212,214,222,223,224,225,230,239,245,254,258,259,261,275,281,284,286
27279 : 5,8,12,25,32,35,65,66,68,69,71,82,84,88,92,104,105,109,121,126,127,133,141,150,155,156,164,173,179,180,181,183,185,186,195,197,198,201,203,205,206,207,209,210,212,214,222,223,224,225,230,239,245,254,258,259,261,275,281,286
27261 : 7,8,12,25,32,35,65,66,68,69,71,82,84,88,92,104,105,109,121,126,127,133,141,150,155,156,164,173,179,180,181,183,185,195,198,201,203,206,207,209,210,212,214,222,223,224,225,230,239,245,254,258,259,275,281,284,286,290,291
27225 : 7,8,12,25,32,35,65,66,67,68,71,75,82,84,88,92,104,105,109,121,126,127,133,141,150,155,156,164,173,179,180,181,183,185,195,198,201,203,206,207,209,210,212,214,222,223,224,225,230,245,254,258,259,261,275,281,286,290,291
27216 : 7,8,12,25,32,35,65,66,68,71,82,84,88,92,104,105,109,121,126,127,133,141,150,155,156,164,173,179,180,181,183,185,195,198,201,203,205,206,207,209,210,212,214,222,223,224,225,230,239,245,254,258,259,261,275,281,286,290,291
27202 : 8,12,25,32,35,54,65,66,68,69,71,82,84,88,92,104,105,109,121,126,127,133,141,150,155,156,164,173,179,180,181,183,185,195,197,198,201,203,205,206,207,209,210,212,214,222,223,224,230,239,245,254,258,259,261,275,281,286,290,291
27164 : 7,8,12,25,32,35,65,66,68,82,84,88,92,104,105,107,109,121,126,127,133,141,150,155,156,164,173,179,180,181,183,185,195,197,198,201,203,205,206,207,209,210,212,214,222,223,224,225,230,245,254,258,259,261,275,281,286,290,291
27150 : 8,12,25,32,35,54,65,66,68,69,75,82,84,88,92,104,105,109,121,126,127,133,141,150,155,156,164,173,179,180,181,183,185,195,198,201,203,206,207,209,210,212,214,222,223,224,225,230,239,245,254,258,259,261,275,281,284,286,290
27138 : 7,8,12,25,32,35,65,66,68,82,84,88,92,104,105,106,107,109,121,126,127,133,141,150,155,156,173,179,180,181,185,195,197,198,201,203,205,206,207,209,210,212,214,222,223,224,225,230,245,254,258,259,261,275,281,284,286,290,291
27136 : 8,12,25,32,35,54,65,66,68,69,82,84,88,92,104,105,109,121,126,127,133,141,150,155,156,164,173,179,180,181,183,185,195,197,198,201,203,206,207,209,210,212,214,222,223,224,225,230,239,245,254,258,259,261,275,281,284,286,290
27136 : 8,12,25,32,35,65,66,68,69,71,82,84,88,92,104,105,109,121,126,127,133,141,150,155,156,164,173,179,180,181,183,185,186,195,197,198,201,203,205,206,207,209,210,212,214,222,223,224,225,230,239,245,254,258,259,261,275,281,284,286
27135 : 7,8,12,25,32,35,65,66,68,71,82,84,88,92,104,105,107,109,121,126,127,133,141,150,155,156,173,179,180,181,183,185,195,197,198,201,203,205,206,207,209,210,212,214,222,223,224,225,230,245,254,258,259,261,275,281,286,290,291
27075 : 8,12,25,32,35,65,66,68,71,82,84,88,92,104,105,109,121,125,126,133,141,150,155,156,164,173,179,180,181,183,185,195,197,198,201,203,205,206,207,208,209,210,212,214,222,223,224,225,230,239,245,254,258,259,261,275,281,284,286,290
27047 : 7,8,12,25,32,35,65,66,68,82,84,88,92,104,105,106,109,121,126,127,133,141,150,155,156,164,173,179,180,181,185,195,197,198,201,203,205,206,207,209,210,212,214,222,223,224,225,230,239,245,254,258,259,261,275,281,284,286,290
27043 : 7,8,12,25,32,35,65,66,68,69,71,82,84,88,92,104,105,109,111,121,126,127,133,141,150,155,156,164,173,179,181,183,185,195,198,201,203,205,206,207,209,210,212,214,222,223,224,225,230,239,245,254,258,259,261,275,281,286,290
27042 : 7,8,12,25,32,35,65,66,68,75,82,84,88,92,105,106,109,121,126,127,133,141,150,155,156,164,173,179,180,181,183,185,195,197,198,201,203,205,206,207,209,210,212,214,222,223,224,225,230,245,254,258,259,261,275,281,286,290,291
27041 : 8,12,25,32,35,54,65,66,68,69,75,82,84,88,92,104,105,109,121,126,127,133,141,150,155,156,164,173,179,180,181,185,195,198,201,203,205,206,207,209,210,212,214,222,223,224,225,230,239,245,254,258,259,261,275,281,284,286,290
26997 : 8,12,25,32,35,54,65,66,68,69,71,75,82,84,88,92,104,105,109,121,126,127,133,141,150,155,156,164,173,179,180,181,183,185,195,198,201,203,206,207,209,210,212,214,222,223,224,225,230,245,254,258,259,261,275,281,286,290,291
26997 : 8,12,25,32,35,54,61,65,66,68,69,82,84,88,92,104,105,109,121,126,127,133,141,150,155,156,164,173,179,180,181,183,185,195,198,201,203,205,206,207,209,210,212,214,222,223,224,225,230,239,245,254,258,259,261,275,281,284,286,290
26954 : 8,12,25,32,35,54,65,66,68,69,82,84,88,92,104,105,109,121,126,127,133,141,150,155,156,164,173,179,180,181,183,185,186,195,197,198,201,203,206,207,209,210,212,214,222,223,225,230,239,245,254,258,259,261,275,281,284,286,290
26947 : 7,8,12,25,32,35,61,65,66,68,82,84,88,92,104,105,109,121,125,126,127,133,141,150,155,156,164,173,179,180,181,183,185,186,195,198,201,203,206,207,209,210,212,214,222,223,224,225,230,239,245,254,258,259,275,281,286,290,291
26941 : 8,12,25,32,35,54,65,66,68,71,82,84,88,92,104,105,109,121,126,127,133,141,150,155,156,164,173,179,180,181,183,185,195,197,198,201,203,206,207,208,209,210,212,214,222,223,224,225,230,239,245,254,258,259,261,275,281,284,286
26892 : 7,8,12,25,32,35,65,66,68,69,71,82,84,88,92,104,105,109,121,126,127,133,141,150,155,156,164,173,179,180,181,183,185,195,197,198,201,203,206,207,209,210,212,214,222,223,224,225,230,239,245,254,258,259,261,275,281,284,286
26890 : 7,8,12,25,32,35,65,66,68,69,71,82,84,88,92,104,105,109,121,126,127,133,141,150,155,156,173,179,180,181,183,185,195,198,201,203,205,206,207,209,210,212,214,222,223,224,225,230,245,254,258,259,261,275,281,284,286,290,291
26873 : 7,8,12,25,32,35,65,66,68,71,82,84,88,92,104,105,109,121,126,127,133,141,150,155,156,164,173,179,180,181,183,185,195,197,198,201,203,205,207,208,209,210,212,222,223,224,225,230,239,245,254,258,259,261,275,281,286,290,291
26795 : 7,8,12,25,32,35,61,65,66,68,69,82,84,88,92,104,105,106,121,126,127,133,141,150,155,156,164,173,179,180,181,183,185,195,197,198,201,203,207,209,210,212,214,222,223,224,225,230,239,245,254,258,259,261,275,281,286,290,291
26791 : 7,8,12,25,32,35,54,65,66,68,71,82,84,88,92,104,105,109,121,126,127,133,141,150,155,156,164,173,179,180,181,183,185,195,198,201,203,207,209,210,212,214,222,223,224,225,230,239,245,254,258,259,261,275,281,284,286,290,291
26779 : 7,12,25,32,35,65,66,68,71,82,84,88,92,104,105,109,121,126,127,133,141,150,155,156,164,173,179,180,181,183,185,188,195,197,198,201,203,205,206,207,210,212,214,222,223,224,225,230,239,245,254,258,259,261,275,281,286,290,291
26773 : 8,12,25,32,35,65,66,68,69,71,82,84,88,92,104,105,109,121,126,127,133,141,150,155,156,164,173,179,180,181,183,185,186,195,197,198,201,203,205,206,207,208,209,210,212,214,222,223,224,225,230,239,245,254,258,259,261,275,281
26737 : 8,12,25,35,54,65,66,68,69,71,75,82,84,88,92,104,105,109,121,126,127,133,141,150,155,156,164,173,179,180,181,183,185,195,198,201,203,205,206,207,209,210,212,214,222,223,224,225,230,245,254,258,259,261,275,281,286,290,291
26737 : 5,8,12,25,32,35,65,66,68,69,70,82,84,88,92,104,105,109,121,126,127,133,141,150,155,156,164,173,179,180,181,183,185,186,195,197,198,201,203,206,207,208,209,210,212,214,222,223,224,225,230,239,245,254,258,259,261,275
26715 : 8,12,25,32,35,54,61,65,66,68,69,71,82,84,88,92,104,105,109,121,126,127,133,150,155,156,164,173,179,180,181,183,185,195,197,198,201,203,205,206,207,209,210,212,214,222,223,224,230,239,245,254,258,259,261,275,281,286,290,291
26693 : 7,8,12,25,32,35,65,66,67,68,82,84,88,92,104,105,106,107,109,121,126,127,133,141,150,155,156,173,179,180,181,185,195,197,198,203,205,206,207,209,210,212,214,222,223,224,225,230,245,254,258,259,261,275,281,284,286,290,291
26656 : 7,8,12,32,35,65,66,68,71,82,84,88,92,104,105,109,121,126,127,133,141,150,155,156,164,173,179,180,181,183,185,195,197,198,201,203,205,206,207,209,210,212,214,222,223,224,225,230,239,245,254,258,259,261,275,281,286,290,291
26652 : 7,8,12,25,32,35,61,65,66,67,68,71,75,82,84,88,92,104,105,109,121,126,127,133,141,150,155,156,164,173,179,180,181,183,185,195,198,201,203,206,207,209,210,212,222,223,224,225,230,245,254,258,259,261,275,281,286,290,291
26571 : 7,8,12,25,32,35,61,65,66,68,71,82,84,88,92,104,105,109,121,126,127,133,141,150,155,156,164,173,179,180,181,183,185,195,197,198,201,203,205,206,207,210,212,214,222,223,224,225,230,239,245,254,258,259,261,275,281,286,290
26570 : 7,8,12,25,32,35,65,66,68,82,84,88,92,104,105,107,109,121,126,127,133,141,150,155,156,164,173,179,180,181,183,185,195,197,198,201,203,206,207,209,210,212,214,222,223,224,225,230,239,245,254,258,259,275,281,284,286,290
26569 : 7,8,12,25,32,35,65,66,68,69,82,84,88,92,104,105,109,121,126,127,133,141,150,155,156,164,173,179,180,181,183,185,195,197,198,201,203,205,206,207,210,212,214,222,223,224,225,230,239,245,254,258,259,261,275,281,286,290
26495 : 7,8,12,25,32,35,61,65,66,68,69,71,82,84,88,92,104,105,109,121,126,127,133,141,150,155,156,164,173,179,180,181,183,185,195,197,198,201,203,206,207,209,210,212,214,222,223,224,225,230,239,245,254,258,259,261,275,281,286
26478 : 8,12,25,32,35,54,65,66,68,69,71,82,84,88,92,104,105,109,121,126,127,133,141,150,155,156,164,173,179,180,181,183,185,186,195,197,198,201,203,206,207,209,210,212,214,222,223,224,225,230,239,245,254,258,259,261,275,281,284
26436 : 8,12,25,32,35,54,65,66,68,69,82,84,88,92,104,105,109,121,126,127,133,141,150,155,156,164,173,179,180,181,183,185,195,197,198,201,203,205,206,207,209,210,212,214,222,223,224,225,230,239,245,254,258,259,261,275,281,284,286
26386 : 7,12,25,32,35,61,65,66,68,71,82,84,88,92,104,105,109,121,126,127,133,141,150,155,156,164,173,179,181,183,185,188,195,197,198,201,203,205,206,207,210,212,214,222,223,224,225,230,239,245,254,258,259,261,275,281,286,290,291
26375 : 7,8,12,25,32,35,61,65,66,68,82,84,88,92,104,105,107,109,121,126,127,133,141,150,155,156,173,179,180,181,183,185,195,197,198,201,203,206,207,209,210,212,214,222,223,224,225,230,239,245,254,258,259,275,281,284,286,290
26314 : 7,8,12,25,32,35,65,66,68,69,71,75,82,84,88,92,104,105,121,126,127,133,141,150,155,156,164,173,179,180,181,183,185,195,197,198,201,203,206,207,209,210,212,214,222,223,224,225,230,239,245,254,258,259,261,275,281,286
26229 : 7,8,12,25,32,35,65,66,68,71,75,82,84,88,92,104,105,109,121,126,127,133,141,150,155,156,164,173,179,180,181,183,185,195,197,198,201,203,205,206,207,209,210,212,214,222,223,224,225,230,245,254,258,259,261,275,281,284,286
26208 : 7,8,12,25,32,35,65,66,68,69,71,75,82,84,88,92,104,105,109,121,126,127,133,141,150,155,156,164,173,179,180,181,183,185,195,198,201,203,206,207,209,210,212,214,222,223,224,225,230,239,245,254,258,259,261,275,281,286
26203 : 8,12,25,32,35,54,65,66,68,69,71,82,84,88,92,104,105,109,121,126,127,133,141,150,155,156,164,173,179,180,181,183,185,195,197,198,201,203,206,207,208,209,210,212,214,222,223,224,225,230,239,245,254,258,259,261,275,281
26148 : 7,8,12,25,32,35,54,65,66,68,69,82,84,88,92,104,105,109,121,126,127,133,141,150,155,156,164,173,179,180,181,183,185,195,198,201,203,206,207,209,210,212,214,222,223,224,225,230,239,245,254,258,259,261,275,281,284,286
26108 : 7,8,12,25,32,35,65,66,68,71,75,82,84,88,92,104,105,109,121,126,133,141,150,155,156,164,173,179,180,181,183,185,195,197,198,201,203,205,206,207,209,210,212,214,222,223,224,225,230,245,254,258,259,261,275,281,284,286,291
26016 : 7,8,12,25,32,35,65,66,68,69,71,75,82,84,88,92,104,105,109,121,126,127,133,141,150,155,156,164,173,179,180,181,183,185,195,198,201,203,206,207,209,210,212,214,222,223,224,225,230,239,245,254,258,259,261,275,281,284
25841 : 7,8,12,25,32,35,61,65,66,68,69,82,84,88,92,104,105,109,121,126,127,133,141,150,155,156,164,173,179,180,181,183,185,195,197,198,201,203,205,206,207,209,210,212,214,223,224,225,230,239,245,254,258,259,261,275,281,284,286
25805 : 7,8,12,25,32,35,54,65,66,68,69,82,84,88,92,104,105,109,121,126,127,133,141,150,155,156,164,173,179,180,181,183,185,195,198,201,203,205,206,207,209,210,212,214,222,223,224,225,230,245,254,258,259,261,275,281,286,291
25535 : 8,12,25,32,35,54,65,66,68,69,71,75,82,84,88,92,104,105,109,121,126,127,133,141,150,155,156,164,173,179,180,181,183,185,195,198,201,203,205,206,207,210,212,214,222,223,224,225,230,239,245,254,258,259,261,275,281,286
25480 : 7,8,12,25,32,35,61,65,66,68,69,71,82,84,88,92,104,105,121,126,127,133,141,150,155,156,164,173,179,180,181,183,185,195,197,198,201,203,205,206,207,210,212,214,222,223,224,225,230,239,245,254,258,259,261,275,281,286
25389 : 7,8,12,25,32,35,65,66,68,84,88,92,104,105,109,121,126,127,133,137,141,150,155,156,164,173,179,180,181,183,185,195,198,201,203,205,206,207,209,210,212,214,222,223,224,225,230,245,254,258,259,261,275,281,286,290,291
25346 : 7,8,12,25,32,35,54,65,66,68,69,71,82,84,88,92,104,105,109,121,126,127,133,141,150,155,156,164,173,179,180,181,183,185,195,198,201,203,207,209,210,212,214,222,223,224,225,230,239,245,254,258,259,261,275,281,284,286
25159 : 7,8,12,25,32,35,65,66,68,71,82,84,88,92,104,105,109,111,121,125,126,127,133,141,150,155,156,164,173,179,181,183,185,195,197,198,201,203,206,207,208,209,210,212,214,222,223,224,225,230,239,245,254,258,259,261,275
24957 : 7,8,12,25,32,35,54,61,65,66,68,69,82,84,88,92,104,105,109,121,126,127,133,141,150,155,156,164,173,179,180,181,183,185,195,198,201,203,206,207,209,210,212,214,222,223,224,225,230,239,245,254,258,259,261,275,281
24945 : 7,8,12,25,32,35,54,65,66,68,69,71,82,84,88,92,104,105,109,121,126,127,133,141,150,155,156,164,173,179,180,181,183,185,195,197,198,201,203,206,207,209,210,212,214,222,223,224,225,230,239,245,254,258,259,261,275
