25925 : 7,8,12,25,32,35,65,66,68,82,84,88,92,104,105,109,121,126,127,133,137,141,150,155,156,164,173,179,180,181,183,185,195,198,201,203,206,207,209,210,212,214,222,223,224,225,230,245,254,258,259,261,275,281,286,290,291
25858 : 7,8,12,25,32,35,65,66,68,82,84,88,92,104,105,109,121,126,127,133,137,141,150,155,156,164,173,179,180,181,185,195,198,201,203,206,209,210,212,214,222,223,224,225,230,239,245,254,258,259,261,275,281,286,290,291
25764 : 7,8,12,25,32,35,65,66,68,82,84,88,92,104,105,109,121,126,127,133,137,141,150,155,156,164,173,179,180,181,185,195,198,201,203,205,206,207,209,210,212,214,222,223,224,225,230,245,254,258,259,261,275,281,286,290,291
25616 : 7,8,12,25,32,35,65,66,68,82,84,88,92,104,105,109,121,126,127,133,137,141,150,155,156,173,179,180,181,183,185,195,198,201,203,205,206,207,209,210,212,214,222,223,224,225,230,245,254,258,259,261,275,281,286,290,291
25615 : 7,8,12,25,32,35,65,66,68,82,84,88,92,104,105,121,126,127,133,137,141,150,155,156,164,173,179,180,181,183,185,195,198,201,203,205,206,207,209,210,212,214,222,223,224,225,230,245,254,258,259,261,275,281,286,290,291
25605 : 7,8,12,25,32,35,65,66,68,82,84,88,92,104,105,109,121,126,127,133,137,141,150,155,156,164,173,179,180,181,183,185,195,198,201,203,205,206,209,210,212,214,222,223,224,225,230,245,254,258,259,261,275,281,286,290,291
25474 : 7,8,12,25,32,35,65,66,67,68,82,84,88,92,105,109,121,126,127,133,137,141,150,155,156,173,179,180,181,183,185,195,198,201,203,205,206,207,209,210,212,214,222,223,224,225,230,245,254,258,259,261,275,281,286,290,291
25471 : 7,8,12,25,32,35,65,66,68,82,84,88,92,105,109,121,126,127,133,137,141,150,155,156,164,173,179,180,181,183,185,195,198,201,203,205,206,207,209,210,212,214,222,223,224,225,230,245,254,258,259,261,275,281,286,290,291
25465 : 7,8,12,25,32,35,65,66,68,82,84,88,92,104,105,109,121,126,127,133,137,141,150,155,156,164,173,179,180,181,183,185,195,198,201,203,205,206,207,209,210,212,222,223,224,225,230,245,254,258,259,261,275,281,286,290,291
25445 : 5,7,8,12,25,32,35,65,66,68,82,84,88,92,105,109,121,126,127,133,137,141,150,155,156,164,173,179,180,181,185,195,198,201,203,206,207,209,210,212,214,222,223,224,225,230,245,254,258,259,261,275,281,286,290,291
25417 : 5,7,8,12,20,25,32,35,65,66,68,82,84,88,92,105,109,121,126,127,133,137,147,150,155,156,164,173,179,180,181,185,195,198,201,206,209,210,212,214,222,223,224,225,230,245,254,258,259,261,275,281,286,290,291
25402 : 7,8,12,25,32,35,65,66,68,82,84,88,92,104,105,109,121,126,127,133,137,141,150,155,156,173,179,180,181,183,185,195,198,201,203,205,207,209,210,212,214,222,223,224,225,230,245,254,258,259,261,275,279,281,286,290,291
25389 : 7,8,12,25,32,35,65,66,68,84,88,92,104,105,109,121,126,127,133,137,141,150,155,156,164,173,179,180,181,183,185,195,198,201,203,205,206,207,209,210,212,214,222,223,224,225,230,245,254,258,259,261,275,281,286,290,291
25379 : 5,7,8,12,25,32,35,65,66,68,82,84,88,92,105,109,121,126,127,133,137,141,150,155,156,164,173,179,180,181,183,185,195,198,201,205,206,207,209,210,212,214,222,223,224,225,230,245,254,258,259,261,275,281,286,290,291
25365 : 7,8,12,25,32,35,65,66,68,82,84,88,92,104,105,109,126,127,133,137,141,150,155,156,164,173,179,180,181,183,185,195,198,201,203,205,206,207,209,210,212,214,222,223,224,225,230,245,254,258,259,261,275,281,286,290,291
25335 : 7,8,12,25,32,35,65,66,68,71,82,84,88,92,104,105,109,121,126,127,133,137,150,155,156,173,179,180,181,183,185,195,198,201,203,205,206,207,209,210,212,214,222,223,224,225,230,245,254,258,259,261,275,281,286,290,291
25283 : 5,7,8,12,25,32,35,65,66,68,82,84,88,92,105,109,121,126,127,133,137,141,150,155,156,164,173,179,180,181,183,185,195,198,201,203,206,209,210,212,214,222,223,224,225,230,245,254,258,259,261,275,281,286,290,291
25270 : 7,8,12,25,32,35,65,66,68,82,84,88,92,104,105,109,121,126,127,133,137,141,150,155,156,164,173,179,180,181,183,185,198,201,203,205,206,207,209,210,212,214,222,223,224,225,230,245,254,258,259,261,275,281,286,290,291
25202 : 5,7,8,12,25,32,35,65,66,68,82,84,88,92,105,109,121,126,127,133,137,150,155,156,164,173,179,180,181,183,185,195,198,201,203,206,207,209,210,212,214,222,223,224,225,230,245,254,258,259,261,275,281,286,290,291
25185 : 7,8,12,25,32,35,65,66,68,82,84,88,92,104,105,109,121,126,127,133,137,141,150,155,156,164,173,179,180,181,183,185,195,198,201,203,205,206,207,209,210,212,214,222,223,224,225,230,245,254,258,259,261,275,281,286,290
25183 : 5,7,8,12,25,32,35,65,66,68,82,84,88,92,104,105,109,121,126,127,133,137,141,150,155,156,173,179,180,181,183,185,195,198,201,203,206,207,209,210,212,214,222,223,224,225,230,245,254,258,259,275,281,286,290,291
25183 : 7,8,12,25,32,35,65,66,68,84,88,92,104,105,109,121,126,127,133,137,141,150,155,156,164,173,179,180,181,183,185,195,198,201,205,206,207,209,210,212,214,222,223,224,225,230,245,254,258,259,261,275,281,284,286,290,291
25153 : 7,8,12,25,32,35,65,66,68,82,84,88,92,105,109,111,121,126,127,133,137,150,155,156,164,173,179,180,181,183,185,195,198,201,203,206,207,209,210,212,214,222,223,224,225,230,245,254,258,259,261,275,281,286,290,291
25143 : 7,8,12,25,32,35,65,66,68,82,84,88,92,105,109,111,121,126,127,133,137,141,147,150,155,156,164,173,179,180,181,185,195,198,201,203,206,209,210,212,214,222,223,224,225,230,245,254,258,259,261,275,281,286,290,291
25136 : 5,7,8,12,25,32,35,65,66,68,82,84,88,92,104,105,109,121,126,127,133,137,150,155,164,173,179,180,181,183,185,195,198,201,203,206,207,209,210,212,214,222,223,224,225,230,245,254,258,259,261,275,281,286,290,291
25135 : 5,7,8,12,25,32,35,65,66,68,82,84,88,92,105,109,121,126,127,133,137,141,147,150,155,156,164,173,179,180,181,185,195,198,201,203,206,209,210,212,214,222,223,224,225,230,245,254,258,259,261,275,281,286,290,291
25117 : 5,7,8,12,25,32,35,65,66,68,82,84,88,92,104,105,109,121,126,127,133,137,141,150,155,156,173,179,180,181,183,185,186,198,201,203,206,207,209,210,212,214,222,223,224,225,230,245,254,258,259,261,275,281,286,290
25108 : 5,7,8,12,25,32,35,65,66,68,82,84,88,92,104,105,109,121,126,127,133,137,141,150,155,156,173,179,180,181,183,185,195,198,201,203,205,206,207,209,212,214,222,223,224,225,230,245,254,258,259,261,275,281,286,290,291
25097 : 5,7,8,12,25,32,35,65,66,68,82,84,88,92,104,105,109,121,126,127,133,137,141,150,155,156,173,179,180,181,183,185,195,198,201,203,206,207,209,210,212,214,222,223,224,225,230,245,254,258,259,261,275,281,286,290
25091 : 7,8,25,32,35,65,66,68,82,84,88,92,104,105,107,109,121,126,127,133,137,141,150,155,156,173,179,180,181,183,185,195,198,201,203,205,206,207,209,210,212,214,222,223,224,225,230,245,254,258,259,261,275,281,286,290,291
25088 : 5,7,8,12,25,32,35,65,66,68,82,84,88,92,104,105,109,121,126,127,133,137,150,155,156,164,173,179,180,181,183,185,195,198,201,203,206,207,209,210,212,214,222,223,224,225,230,245,254,258,259,275,281,286,290,291
25075 : 7,8,12,25,32,35,65,66,68,71,82,84,88,92,105,109,121,126,127,133,137,141,150,155,156,164,173,179,180,181,183,185,195,198,201,203,205,206,207,209,210,212,214,222,223,224,225,230,245,254,259,261,275,281,286,290,291
25060 : 7,8,12,25,32,35,61,65,66,68,82,84,88,92,104,105,121,126,127,133,137,141,150,155,156,164,173,179,180,181,183,185,195,198,201,205,206,207,209,210,212,214,222,223,224,225,230,245,254,258,259,261,275,281,286,290,291
25041 : 7,8,12,25,32,35,65,66,68,82,88,92,104,105,109,121,126,127,133,137,141,150,155,156,164,173,179,180,181,183,185,195,198,201,203,205,206,207,209,210,212,214,222,223,224,225,230,245,254,258,259,261,275,281,286,290,291
25038 : 5,7,8,12,25,32,35,65,66,68,82,84,88,92,105,109,121,126,127,133,137,141,150,155,156,164,173,179,180,181,183,185,195,198,201,203,206,207,209,210,212,214,222,223,224,225,230,245,254,258,259,275,281,286,290,291
25006 : 5,7,8,12,25,32,35,65,66,68,71,82,84,88,92,104,105,109,121,126,127,133,137,150,155,156,164,173,179,180,181,185,195,198,201,203,206,207,209,210,212,214,222,223,224,225,230,245,254,258,259,261,275,281,286,290
24978 : 5,7,8,12,25,32,35,65,66,68,82,84,88,92,104,105,109,121,126,127,133,137,150,155,156,164,173,179,180,181,183,185,195,198,201,203,206,207,209,210,212,214,222,223,224,225,230,245,254,258,259,261,275,281,286,290
24966 : 5,7,8,12,25,32,35,65,66,68,82,84,88,92,105,109,121,126,127,133,137,147,150,155,156,164,173,179,180,181,185,195,198,201,203,206,207,209,210,212,214,222,223,224,225,230,245,254,258,259,261,275,281,286,290,291
24942 : 7,8,12,25,32,35,65,66,68,82,84,88,92,104,105,106,121,126,127,133,137,141,150,155,156,164,173,180,181,183,185,195,198,201,203,205,206,207,209,210,212,214,222,223,224,225,230,245,254,258,259,261,275,281,286,290,291
24928 : 5,7,8,12,25,32,35,65,66,68,82,84,88,92,105,109,121,126,127,133,137,141,150,155,156,164,173,179,180,181,183,185,195,198,201,203,206,207,209,210,212,214,222,223,224,225,230,245,254,258,259,261,275,281,286,290
24917 : 5,7,8,12,25,32,35,65,66,68,82,84,88,92,104,105,109,121,126,127,133,137,141,150,155,156,164,173,179,180,181,183,185,195,198,201,203,206,207,209,212,214,222,223,224,225,230,245,254,258,259,261,275,281,286,290,291
24895 : 5,7,8,12,25,32,35,65,66,68,82,84,88,92,104,105,109,121,126,127,133,137,150,155,156,164,173,179,180,181,183,185,195,198,201,203,206,207,209,210,212,214,222,223,224,225,230,245,258,259,261,275,281,286,290,291
24895 : 5,7,8,12,25,32,35,65,66,68,82,84,88,92,105,109,121,127,133,137,141,150,155,156,164,173,179,180,181,183,185,195,198,201,203,205,206,207,209,210,212,214,222,223,224,225,230,245,254,258,259,261,275,281,286,290
24862 : 5,7,8,12,25,32,35,65,66,68,82,84,88,92,104,105,109,121,126,127,133,137,150,155,156,164,173,179,180,181,185,195,198,201,205,206,207,209,210,212,214,222,223,224,225,230,245,254,258,259,261,275,281,286,290,291
24845 : 5,7,8,12,25,32,35,65,66,68,82,84,88,92,105,109,121,126,127,133,137,141,150,155,156,164,173,179,180,181,183,185,195,198,201,203,206,207,209,210,212,214,222,223,224,225,230,245,258,259,261,275,281,286,290,291
24843 : 5,7,8,12,25,32,35,65,66,68,82,84,88,92,104,105,109,121,126,127,133,137,150,155,156,164,173,179,180,181,183,185,195,198,201,203,206,207,209,210,212,214,222,223,224,225,230,245,254,258,259,261,275,281,286,291
24828 : 7,8,12,25,32,35,61,65,66,68,82,84,88,92,104,105,109,121,126,127,133,137,141,150,155,156,164,173,179,180,181,185,195,198,201,203,205,206,207,209,210,212,214,222,223,224,225,230,245,254,258,259,261,275,281,286,291
24823 : 5,7,8,12,25,32,35,65,66,68,71,82,84,88,92,104,105,109,121,126,127,133,137,150,155,156,164,173,179,180,181,185,195,198,201,205,206,209,210,212,214,222,223,224,225,230,245,254,258,259,261,275,281,286,290,291
24810 : 5,7,12,13,25,32,35,65,66,68,82,84,88,92,105,109,121,126,127,133,137,141,150,155,156,164,173,179,180,181,183,185,195,198,201,205,206,207,209,210,212,214,222,223,224,225,230,245,254,258,259,261,275,281,286,290,291
24785 : 5,7,8,12,25,32,35,65,66,68,71,82,84,88,92,105,109,121,126,127,133,137,150,155,156,164,173,179,180,181,183,185,195,198,201,203,205,206,207,209,210,212,214,222,223,224,225,230,245,254,258,259,261,275,281,286,291
24770 : 7,8,12,25,32,35,61,65,66,68,84,88,92,104,105,109,121,126,127,133,137,141,150,155,156,164,173,179,180,181,183,185,198,201,203,205,206,207,209,210,212,214,222,223,224,225,230,245,254,258,259,261,275,281,286,290,291
24770 : 5,7,8,12,25,32,35,65,66,68,82,84,88,92,105,109,121,126,127,133,137,141,150,155,156,164,173,179,180,181,183,185,195,198,201,203,206,207,209,210,212,214,222,223,224,225,230,245,254,258,259,261,281,286,290,291
24754 : 7,8,12,25,32,35,65,66,68,71,82,84,88,92,104,105,109,121,126,127,133,137,147,150,155,156,164,173,179,180,181,183,185,195,198,201,206,209,210,212,214,222,223,224,225,239,245,254,258,259,261,275,281,286,290,291
24727 : 7,8,12,25,32,35,65,66,68,84,88,92,104,105,106,109,121,126,127,133,137,141,150,155,156,164,173,179,180,181,183,185,195,198,201,203,205,206,207,209,210,212,214,222,223,224,230,245,254,258,259,261,275,281,286,290,291
24709 : 5,7,8,12,25,32,35,65,66,68,82,84,88,92,105,109,121,126,127,133,137,150,155,156,164,173,179,180,181,183,185,195,201,203,205,206,207,209,210,212,214,222,223,224,225,230,245,254,258,259,261,275,281,286,290,291
24693 : 5,7,8,12,25,32,35,65,66,68,71,82,84,88,92,104,105,109,121,126,127,133,137,150,155,156,164,173,179,180,181,183,185,195,198,201,205,206,207,209,210,212,214,222,223,224,225,230,245,254,258,259,261,275,281,286,291
24692 : 5,7,8,12,25,32,35,65,66,68,82,84,88,92,105,109,121,126,127,133,137,141,147,150,155,156,164,173,179,180,181,185,195,198,201,203,206,207,209,210,212,214,222,223,224,225,230,245,254,258,259,261,275,281,286,290
24689 : 5,7,8,12,25,32,35,65,66,68,82,84,88,92,104,105,109,121,126,127,133,137,150,155,156,173,179,180,181,183,185,195,198,201,203,205,206,207,209,210,212,214,222,223,224,225,230,245,254,258,259,261,275,281,286,290
24672 : 5,7,8,12,25,32,35,65,66,68,82,84,88,92,105,109,111,121,126,127,133,137,141,147,150,155,156,164,173,180,181,185,195,198,201,203,206,209,210,212,214,222,223,224,225,230,245,254,258,259,261,275,281,286,290,291
24646 : 5,7,8,12,25,32,35,65,66,68,71,82,84,88,92,105,109,121,126,127,133,137,141,147,150,155,156,164,173,179,180,181,185,195,198,201,203,206,209,210,212,214,222,223,224,225,230,245,254,258,259,261,275,281,286,290
24631 : 5,7,12,13,25,32,35,65,66,68,71,82,84,88,92,105,109,121,126,127,133,137,141,150,155,156,164,173,179,180,181,183,185,195,198,201,205,206,207,209,210,212,214,222,224,225,230,245,254,258,259,261,275,281,286,290,291
24600 : 5,7,8,12,25,32,35,65,66,68,82,84,88,92,105,109,121,126,127,133,137,141,155,156,164,173,179,180,181,183,185,195,198,201,203,205,206,207,209,210,212,214,222,223,224,225,230,245,254,258,259,275,281,286,290,291
24591 : 7,8,12,32,35,61,65,66,68,82,84,88,92,104,105,109,121,126,127,133,137,141,150,155,156,164,173,179,180,181,183,185,195,198,201,203,205,206,209,210,212,214,222,223,224,225,230,245,254,258,259,261,275,281,286,290,291
24572 : 5,7,8,12,25,32,35,65,66,67,68,82,84,88,92,104,105,109,121,126,127,133,137,150,155,164,173,179,180,181,183,185,195,198,201,203,206,207,209,210,212,214,222,223,224,225,230,245,254,258,259,261,275,281,286,291
24533 : 5,7,8,25,32,35,54,65,66,68,82,84,88,92,105,109,121,126,127,133,137,150,155,156,164,173,179,180,181,183,185,195,198,201,203,206,207,209,210,212,214,222,223,224,225,230,245,254,258,259,261,275,281,286,290,291
24520 : 5,7,8,12,25,32,35,65,66,68,82,84,88,92,104,105,109,121,126,127,133,137,150,155,156,173,179,180,181,183,185,195,198,201,203,205,206,207,209,210,212,214,222,223,224,225,230,245,258,259,261,275,281,286,290,291
24507 : 5,7,8,12,25,32,35,65,66,68,82,84,88,92,104,105,109,121,126,127,133,137,141,150,155,156,164,173,179,180,181,183,185,195,198,201,203,206,207,209,210,212,214,222,223,224,225,230,245,254,258,259,261,275,281,286
24476 : 5,7,8,12,25,32,65,66,68,82,84,88,92,105,109,121,126,127,133,137,141,150,155,156,164,173,179,180,181,183,185,195,198,201,203,205,206,209,210,212,214,222,223,224,225,230,245,254,258,259,261,275,281,286,290,291
24464 : 5,7,8,12,25,32,35,65,66,68,82,84,88,92,104,105,121,126,127,133,137,150,155,156,164,173,179,180,181,183,185,195,198,201,203,205,206,207,209,210,212,214,222,223,224,225,230,245,258,259,261,275,281,286,290,291
24447 : 5,7,8,12,25,32,35,65,66,68,71,82,84,88,92,104,105,109,121,126,127,133,137,141,150,155,156,164,173,179,180,181,185,195,198,205,206,209,210,212,214,222,223,224,225,230,245,254,258,259,261,275,281,286,290,291
24427 : 7,8,12,25,32,35,65,66,68,82,84,88,92,105,109,111,121,126,127,133,137,141,147,150,155,156,164,173,179,180,181,185,195,198,201,203,206,207,209,212,214,222,223,224,225,230,245,254,258,259,261,275,281,286,290,291
24409 : 5,7,8,12,25,32,35,65,66,68,82,84,88,92,104,105,109,126,127,133,137,150,155,156,164,173,179,180,181,183,185,195,198,201,205,206,207,209,210,212,214,222,223,224,225,230,245,254,258,259,261,275,281,286,290,291
24382 : 5,7,8,25,32,35,65,66,68,82,84,88,92,104,105,109,121,125,126,127,133,137,141,150,155,156,173,179,180,181,183,185,186,198,201,203,206,207,209,210,212,214,222,223,224,225,230,245,254,258,259,261,275,281,286,290
24373 : 5,7,8,12,25,32,35,65,66,68,71,82,84,88,92,104,105,109,121,126,127,133,137,150,155,156,164,173,179,180,181,185,195,198,201,205,206,207,209,210,212,214,222,223,224,225,230,245,254,258,259,261,275,281,286,290
24360 : 5,7,8,12,25,32,35,65,66,68,82,84,88,92,105,109,121,126,127,133,137,141,150,155,156,164,173,179,180,181,183,185,195,198,201,203,205,206,207,209,210,212,214,222,223,224,225,230,245,254,258,259,275,281,286,290
24354 : 5,7,8,12,25,32,35,65,66,68,71,82,84,88,92,104,105,109,121,126,127,133,137,150,155,156,164,173,179,180,181,183,185,195,198,201,203,206,207,209,210,212,214,222,223,224,225,230,245,254,258,259,261,275,281,286
24332 : 7,8,12,20,25,32,35,65,66,68,82,84,88,92,105,109,111,121,126,127,133,137,147,150,155,156,164,173,179,180,181,185,195,198,201,206,209,210,212,214,222,223,224,225,230,245,254,258,259,261,275,281,286,290,291
24328 : 5,7,8,12,25,32,35,65,66,68,82,84,88,92,105,109,121,126,127,133,137,141,147,150,155,156,164,173,179,180,181,185,195,198,201,203,205,206,209,210,212,214,222,223,224,230,245,254,258,259,261,275,281,286,290,291
24312 : 7,8,12,25,32,35,65,66,68,82,84,88,92,105,109,111,121,125,126,127,133,137,141,147,150,155,156,164,173,179,180,181,185,195,198,201,203,206,209,212,214,222,223,224,225,230,245,254,258,259,261,275,281,286,290,291
24298 : 7,8,12,25,32,35,65,66,68,71,82,84,88,92,104,105,109,121,126,127,133,137,147,150,155,156,164,173,179,180,181,183,185,195,198,201,206,209,210,212,214,222,223,224,225,239,245,254,258,259,261,275,281,284,286,291
24293 : 5,7,8,12,25,32,35,65,66,68,82,84,88,92,104,105,109,121,126,127,133,137,150,155,164,173,179,180,181,183,185,195,198,201,203,205,206,207,209,210,212,214,222,223,224,225,230,245,254,258,259,261,275,281,286,290
24283 : 5,7,8,12,25,32,35,65,66,68,71,82,84,88,92,104,105,106,109,121,126,127,133,137,150,155,156,164,173,179,180,181,185,195,198,201,205,206,207,209,210,212,214,222,224,225,230,245,254,258,259,261,275,281,286,290
24259 : 5,7,8,12,25,32,35,65,66,68,82,84,88,92,104,105,109,121,126,127,133,137,141,150,155,156,173,179,180,181,183,185,195,198,201,203,205,206,207,209,210,212,214,222,223,224,225,230,245,254,258,259,261,275,281,286
24190 : 5,7,8,12,25,32,35,65,66,68,82,84,88,92,104,105,121,126,127,133,137,141,150,155,156,164,173,179,180,181,183,185,195,198,201,203,205,206,207,209,210,212,214,222,223,224,225,230,245,258,259,261,275,281,286,290
24113 : 5,7,8,12,25,32,35,65,66,68,82,84,88,92,104,105,121,126,127,133,137,141,150,155,156,164,173,179,180,181,183,185,195,198,201,203,205,206,207,209,210,212,214,222,223,224,225,230,245,254,258,259,261,275,281,286
24090 : 5,7,8,12,25,32,35,65,66,68,82,84,88,92,105,109,121,126,127,133,137,141,150,155,156,164,173,179,180,181,183,185,195,198,201,203,205,206,207,209,210,212,214,222,223,224,225,230,245,254,258,259,261,275,281,286
24068 : 5,7,8,12,25,32,35,65,66,68,71,82,84,88,92,105,109,121,126,127,133,137,141,147,150,155,156,164,173,179,180,181,185,195,198,201,203,206,207,209,210,212,214,222,223,224,225,230,245,254,258,259,261,275,281,286
23995 : 5,7,8,12,25,32,35,65,66,68,82,88,92,105,109,121,126,127,133,137,141,150,155,156,164,173,179,180,181,183,185,195,198,201,203,205,206,207,209,210,212,214,222,223,224,225,230,245,258,259,261,275,281,286,290,291
23976 : 5,7,8,12,25,32,35,65,66,68,71,82,84,88,92,104,105,109,121,125,126,127,133,137,150,155,156,164,173,179,180,181,183,185,198,201,203,206,207,209,210,212,214,222,223,224,225,230,245,254,258,259,261,275,281,286
23932 : 5,7,8,12,25,32,35,65,66,68,71,82,84,88,92,105,109,121,126,127,133,137,141,147,150,155,156,164,173,179,180,181,183,185,195,198,201,203,206,209,210,212,214,222,223,224,225,230,245,254,258,259,261,275,281,286
23859 : 5,7,8,25,32,35,54,65,66,68,82,84,88,92,105,107,109,121,126,127,133,137,150,155,156,164,173,179,180,181,183,185,195,198,201,203,207,209,210,212,214,222,223,224,225,230,245,254,258,259,261,275,281,286,290,291
23812 : 5,7,8,12,25,32,35,61,65,66,68,82,84,88,92,104,105,109,126,127,133,137,150,156,164,173,179,180,181,183,185,195,198,201,205,206,207,209,210,212,214,222,223,224,225,230,245,254,258,259,261,275,281,286,290,291
23812 : 5,7,8,12,25,32,35,65,66,68,71,82,84,88,92,104,109,121,126,127,133,137,150,155,156,164,173,179,180,181,183,185,195,198,201,203,205,206,207,209,210,212,214,222,223,224,225,230,245,254,258,259,261,275,281,286
23721 : 5,7,8,12,25,32,35,65,66,68,82,84,88,92,104,105,109,121,126,127,133,137,141,150,155,156,164,173,179,180,181,183,185,195,198,201,203,205,206,207,209,210,212,214,222,223,224,225,230,245,258,259,261,275,281,286
23581 : 7,8,12,20,25,32,35,65,66,68,82,88,92,105,109,111,121,126,127,133,137,147,150,155,156,164,173,179,180,181,183,185,195,198,201,206,209,210,212,214,222,223,224,225,230,245,254,258,259,261,275,281,286,290,291
23447 : 5,7,8,12,20,25,32,35,61,65,66,68,82,84,88,92,105,109,121,126,127,133,137,147,150,155,156,164,173,179,180,181,185,195,198,201,206,209,210,212,214,222,223,224,225,230,245,254,258,259,261,275,281,286,291
23355 : 5,7,8,12,25,32,35,65,66,68,82,84,88,92,105,109,111,121,126,127,133,137,147,150,155,156,164,173,179,180,181,183,185,195,198,201,203,206,207,209,210,212,214,222,223,224,225,230,245,254,258,259,261,275,281
