25226 : 7,8,12,25,32,35,65,66,68,82,84,88,92,105,109,121,126,127,133,137,141,147,150,155,156,164,173,179,180,181,185,195,197,198,201,203,206,209,210,212,214,222,223,224,225,230,245,254,258,259,261,275,281,286,290,291
25105 : 7,8,12,25,32,35,65,66,68,82,84,88,92,105,109,121,126,127,133,137,141,147,150,155,156,164,173,179,180,181,185,188,195,198,201,203,206,209,210,212,214,222,223,224,225,230,245,254,258,259,261,275,281,286,290,291
24755 : 8,25,32,35,65,66,68,69,71,82,84,88,92,104,105,106,109,121,126,127,133,141,147,150,155,156,164,173,179,180,181,185,195,198,201,203,206,209,210,212,214,222,223,224,225,230,245,254,258,259,261,262,275,281,286,290,291
24512 : 7,8,12,25,32,35,65,66,68,82,84,88,92,105,109,121,126,127,133,137,141,147,150,155,156,164,173,179,180,181,185,188,195,197,198,201,206,209,210,212,222,223,224,225,230,245,254,258,259,261,275,281,286,290,291
24465 : 7,8,12,25,32,35,65,66,68,74,82,84,88,92,105,109,121,126,127,133,137,141,147,150,155,156,164,173,179,180,181,185,195,198,201,206,209,210,212,214,222,223,224,225,230,245,254,258,259,261,275,281,286,290,291
24236 : 7,8,12,25,32,35,65,66,68,82,84,88,92,97,105,109,121,126,127,133,137,141,147,150,155,156,164,173,179,180,181,185,188,195,198,201,206,209,210,212,222,223,224,225,230,245,254,258,259,261,275,281,286,290,291
24214 : 5,7,8,12,25,32,35,65,66,68,82,84,88,92,97,105,109,121,126,127,133,137,147,150,155,156,164,173,179,180,181,185,195,198,201,206,209,210,212,214,222,223,224,225,230,245,254,258,259,261,275,281,286,290,291
24161 : 7,8,25,32,35,65,66,68,74,82,84,88,92,105,121,126,127,133,137,141,147,150,155,156,164,173,179,180,181,185,195,197,198,201,203,206,209,210,212,214,222,223,224,225,230,245,254,258,259,261,275,281,286,290,291
24135 : 7,8,25,32,35,65,66,68,74,82,84,88,92,97,104,105,121,126,127,133,141,147,150,155,156,173,179,180,181,185,186,195,198,201,203,209,210,212,214,222,223,224,225,228,245,254,258,259,261,275,281,286,290,291,298
24028 : 7,8,12,25,32,35,65,66,68,82,84,88,92,97,105,109,121,126,127,133,137,141,147,150,155,156,164,173,179,180,181,185,195,198,201,203,206,209,210,212,214,222,223,224,225,230,245,254,258,259,261,275,281,286,290
23920 : 7,8,25,32,35,65,66,68,74,82,84,88,92,105,109,121,126,127,133,141,147,150,155,156,164,173,179,180,181,185,187,195,198,201,203,205,209,210,212,214,222,223,224,225,228,230,245,254,258,259,261,275,281,286,290,291
23912 : 5,7,8,12,25,32,35,65,66,68,82,84,88,92,97,105,109,121,126,127,133,137,141,147,150,155,156,164,173,179,180,181,185,195,198,201,206,209,210,212,214,222,223,224,225,230,245,254,258,259,261,275,281,286,290
23815 : 7,8,25,32,35,65,66,68,74,82,84,88,92,97,104,105,121,126,127,133,141,147,150,155,156,173,179,180,181,185,186,195,198,201,203,209,210,212,214,222,223,224,225,228,245,254,258,259,261,268,275,281,286,290,291
23770 : 7,8,12,25,32,35,65,66,68,82,84,88,92,97,105,109,121,126,127,133,137,147,150,155,156,164,173,179,180,181,185,188,195,198,201,205,206,209,210,212,222,223,224,225,230,245,254,258,259,261,275,281,286,290,291
23679 : 7,8,25,32,35,65,66,68,71,74,82,84,88,92,97,104,105,121,126,127,133,141,147,150,155,156,173,179,181,185,186,195,198,201,203,209,210,212,214,222,223,224,225,228,245,254,258,259,261,268,275,281,286,290,291
23587 : 7,8,25,32,35,65,66,68,82,84,88,92,97,105,109,121,126,127,133,137,141,147,150,155,156,173,179,180,181,185,188,195,197,198,201,203,206,209,212,214,222,223,224,225,230,245,254,258,259,261,275,281,286,290,291
23583 : 7,8,12,25,32,35,65,66,68,82,84,88,92,97,105,109,121,126,127,133,137,141,147,150,155,156,173,179,180,181,185,188,195,198,201,206,209,210,212,222,223,224,225,230,245,254,258,259,261,275,281,286,290,291
23555 : 7,8,12,25,32,35,65,66,68,82,84,88,92,97,105,109,121,126,127,133,137,141,147,150,155,156,164,173,179,180,181,185,188,195,198,201,205,206,209,210,212,222,223,224,225,230,245,254,258,259,261,275,281,286,290
23496 : 7,8,25,32,35,65,66,68,82,84,88,92,105,109,121,126,127,133,137,139,141,147,150,155,156,164,173,179,180,181,185,186,188,195,198,201,206,209,212,214,222,223,224,225,230,245,254,258,259,261,275,281,286,290,291
23484 : 8,25,32,35,62,65,66,68,74,82,84,88,92,97,105,121,126,127,133,141,147,150,155,156,173,179,180,181,185,187,188,195,197,198,201,209,210,212,214,222,223,224,225,230,245,254,258,259,261,275,281,286,290,291,298
23238 : 7,8,12,25,32,35,65,66,68,82,84,88,92,97,105,109,121,126,127,133,137,141,147,150,155,156,173,179,180,181,185,188,195,198,201,206,209,210,212,222,223,224,225,230,245,254,258,259,261,275,284,286,290,291
23161 : 7,8,12,25,32,35,65,66,68,82,84,88,92,97,105,109,121,126,127,133,137,141,147,150,155,156,164,173,179,180,181,185,195,197,198,201,205,206,209,210,212,214,222,223,224,225,230,245,254,258,259,261,275,281,286
23036 : 7,8,25,32,35,61,65,66,68,82,84,88,92,97,105,109,121,126,127,133,137,141,147,155,156,173,179,180,181,185,188,195,197,198,201,203,206,209,212,214,222,223,224,225,230,245,254,258,259,261,275,281,286,290,291
22992 : 8,25,32,35,62,65,66,68,74,82,84,88,92,97,105,111,121,126,127,133,141,147,150,155,156,173,180,181,185,187,188,195,197,198,201,209,210,212,214,222,223,224,225,230,245,254,258,259,261,275,281,286,290,291,298
22871 : 7,8,25,32,35,61,65,66,68,82,84,88,92,97,105,109,121,126,127,133,137,141,147,150,155,156,173,179,180,181,185,188,195,197,198,201,203,206,209,210,212,214,222,223,224,225,230,245,254,258,259,261,275,281,286
22820 : 7,8,12,25,32,35,65,66,68,74,82,84,88,92,105,109,121,126,127,133,137,139,147,150,155,156,164,173,179,180,181,185,195,197,198,201,206,209,210,212,214,222,223,224,225,245,254,259,261,275,281,286,291
22772 : 7,25,32,35,65,66,68,82,84,88,92,105,109,121,126,127,133,137,139,141,147,150,155,156,164,173,179,180,181,185,186,188,195,198,201,206,209,212,214,222,223,224,225,230,245,254,258,259,261,275,281,284,286,290,291
22729 : 7,8,12,25,32,35,65,66,68,74,82,84,88,92,97,105,109,121,126,127,133,137,147,150,155,156,173,179,180,181,185,188,195,198,201,206,209,210,212,214,222,223,224,225,245,254,259,261,275,281,286,290,291
22628 : 7,8,25,32,35,65,66,68,74,82,84,88,92,97,105,121,126,127,133,137,141,147,150,155,156,173,179,180,181,185,188,195,198,201,206,209,210,212,222,223,224,225,230,245,254,258,259,261,275,281,286,290,291
22566 : 7,8,25,32,35,65,66,68,74,82,84,88,92,97,105,121,126,127,133,137,141,147,150,155,156,173,179,180,181,185,188,195,198,201,206,209,212,222,223,224,225,230,245,254,258,259,261,275,281,286,290,291,298
22221 : 7,8,12,25,32,35,65,66,68,74,82,84,88,92,97,105,121,125,126,127,133,137,147,150,155,156,164,173,179,180,181,185,188,195,198,201,206,209,210,212,222,223,224,225,230,245,254,258,259,261,275,281,286
22115 : 7,8,25,32,35,65,66,68,74,82,84,88,92,105,121,125,126,127,133,137,139,147,150,155,156,173,179,180,181,185,186,188,195,198,201,206,209,212,214,222,223,224,225,230,245,254,258,259,261,275,281,286,290
22026 : 7,8,25,32,35,65,66,68,74,82,84,88,92,105,106,121,125,126,127,133,137,139,147,150,155,156,173,179,180,181,185,188,195,198,201,206,209,212,214,222,223,224,225,230,245,254,258,259,261,275,281,286,290
21948 : 7,8,25,32,35,61,62,65,66,68,82,84,88,92,105,121,126,127,133,137,141,147,150,155,156,164,173,179,180,181,185,195,198,201,205,206,209,210,212,222,223,224,225,230,245,254,258,259,261,275,281,286,290,291
21813 : 8,25,32,35,62,65,66,68,82,84,88,92,105,106,109,121,126,127,133,141,147,150,155,156,161,164,173,179,180,181,185,187,195,198,201,209,210,212,214,222,223,224,225,230,245,254,258,259,261,275,281,286,290,291
21687 : 8,25,32,35,62,65,66,68,82,84,88,92,105,106,109,121,126,127,133,141,147,150,155,156,161,173,179,180,181,185,187,195,198,201,209,210,212,214,222,223,224,225,245,254,258,259,261,275,279,281,286,290,291
21659 : 7,8,25,32,35,61,62,65,66,68,82,84,88,92,105,121,126,127,133,137,141,147,150,155,156,164,173,179,180,181,185,195,198,201,205,206,209,210,212,222,223,224,225,245,254,258,259,261,275,281,286,290,291,295
21613 : 4,7,8,25,32,35,65,66,68,74,82,84,88,92,97,105,121,126,127,133,141,147,150,155,156,173,179,180,181,185,188,195,198,201,209,212,222,223,224,225,245,254,258,259,261,275,279,281,286,290,291,298
21284 : 8,25,32,35,62,65,66,68,82,84,88,92,105,106,109,121,126,127,133,147,150,155,156,161,164,173,179,180,181,185,187,195,198,201,205,209,210,212,214,222,223,224,225,230,245,254,258,259,261,275,281,286,290,291
21269 : 8,25,32,35,44,65,66,68,82,84,88,92,105,106,109,121,126,127,133,141,147,150,155,156,161,173,179,180,181,185,187,195,198,201,209,210,212,214,222,224,225,245,254,258,259,261,275,279,281,286,290,291
21264 : 7,8,25,32,35,61,62,65,66,68,82,84,88,92,105,121,126,127,133,137,141,147,150,155,156,164,173,179,180,181,185,188,195,198,201,205,206,209,210,212,222,223,224,225,245,254,259,261,275,281,286,290,291,295
21018 : 7,8,25,32,35,65,66,68,74,82,84,88,92,97,105,121,126,127,133,137,147,150,155,156,164,173,179,181,185,186,187,195,198,201,209,212,214,222,223,224,225,228,230,245,254,258,259,261,275,281,290,291
20916 : 4,7,8,25,32,35,65,66,68,74,82,84,88,92,97,104,105,121,126,127,133,147,150,155,156,173,179,180,181,185,186,195,198,201,203,209,212,222,223,224,225,228,245,254,258,259,261,275,281,290,291
20788 : 4,7,8,25,32,35,65,66,68,82,84,88,92,105,109,121,125,126,127,133,137,141,147,150,155,156,173,180,181,185,188,195,198,201,203,212,214,222,223,224,225,230,245,254,258,259,261,275,279,281,286,290
20787 : 8,25,32,35,65,66,68,74,82,84,88,92,97,105,106,109,121,126,127,133,147,150,155,156,161,173,179,180,181,185,187,188,195,198,201,206,209,212,214,222,223,224,225,230,245,254,258,259,261,275,281,286
20674 : 4,7,8,25,32,35,65,66,68,74,82,84,88,92,105,121,125,126,127,133,139,147,150,155,156,173,179,180,181,185,186,188,195,198,201,209,212,214,222,223,224,225,245,254,258,259,261,275,279,281,290
20573 : 8,32,35,61,62,65,66,68,82,84,88,92,105,106,109,121,126,127,133,147,150,155,156,161,164,173,179,180,181,185,187,195,198,201,205,209,210,212,214,222,223,224,225,230,245,254,258,259,261,275,281,286,290,291
20486 : 7,25,32,35,65,66,68,74,82,84,88,92,97,105,121,126,127,133,137,147,150,155,156,164,173,179,181,185,186,187,195,198,201,203,209,212,214,222,223,224,225,228,230,245,254,258,259,261,275,281,290,291
20433 : 7,8,25,32,35,65,66,68,74,82,84,88,92,104,105,109,121,125,126,127,133,137,139,141,147,150,155,156,173,179,180,181,185,188,195,198,201,203,212,214,222,223,224,225,245,254,258,259,261,268,275,281
20400 : 7,25,32,35,51,65,66,68,74,82,84,88,92,97,105,121,126,127,133,147,150,155,156,164,173,179,181,185,186,187,195,198,201,203,209,212,214,222,223,224,225,228,230,245,254,258,259,261,275,281,290,291
20366 : 4,7,8,25,32,35,65,66,68,74,82,84,88,92,97,105,121,126,127,133,147,150,155,156,173,180,181,185,186,195,198,201,209,210,212,214,222,223,224,225,228,245,254,259,261,275,279,281,286,290,291
20002 : 8,32,35,61,62,65,66,67,68,82,84,88,92,105,106,109,121,126,127,133,147,150,155,156,161,164,173,179,180,181,185,187,195,198,205,209,210,212,214,222,223,224,225,230,245,254,258,259,261,275,281,286,290,291
19913 : 7,25,32,35,51,65,66,68,74,82,84,88,92,97,105,121,126,127,133,141,147,150,155,156,164,173,179,181,185,186,187,195,198,201,203,209,212,214,222,223,224,225,228,230,245,254,258,259,261,275,281,291
19823 : 7,8,32,35,65,66,68,74,82,84,88,92,104,105,109,121,125,126,127,133,137,139,141,147,150,155,156,164,173,179,180,181,185,188,195,198,201,203,212,214,222,223,224,225,245,254,258,259,261,268,275,281
19622 : 7,8,25,32,35,65,66,68,74,82,84,88,92,97,105,121,126,127,133,137,147,148,150,155,156,173,179,181,185,186,187,195,198,201,209,222,223,224,225,228,230,245,254,258,259,261,275,281,290
19507 : 4,7,8,25,32,35,65,66,68,74,84,88,92,97,105,109,121,126,127,133,139,141,147,150,155,156,173,181,185,188,195,198,201,209,210,214,222,223,224,225,228,245,254,258,259,261,275,281,286,290
19307 : 7,8,25,32,35,61,65,66,68,82,84,88,92,105,106,109,121,126,127,133,137,147,150,155,156,161,164,173,179,180,181,185,195,198,201,205,206,209,210,212,222,223,224,225,230,245,254,258,259,261,275
19176 : 4,8,25,32,35,65,66,68,82,84,88,92,97,105,106,121,125,126,127,133,137,147,148,150,155,156,173,179,181,185,186,195,198,201,209,210,212,222,224,225,245,254,258,259,261,275,279,281,290
18386 : 13,25,32,34,35,65,66,67,68,73,82,84,88,92,105,126,127,133,141,150,153,155,156,164,173,179,180,181,185,193,195,198,205,209,210,214,222,224,225,245,254,259,261,264,275,281,286,290,291
18334 : 4,7,8,25,32,35,65,66,68,74,82,84,88,92,105,109,121,125,126,127,133,137,139,147,150,155,156,173,180,181,185,188,195,198,201,212,214,222,223,224,225,245,254,259,261,275,279,281,286
18301 : 4,7,8,25,32,35,65,66,68,82,84,88,92,105,109,121,125,126,127,133,137,139,141,147,150,155,156,173,179,180,181,185,188,195,198,201,206,209,212,222,223,224,225,230,245,254,258,259,261
18290 : 4,7,8,25,32,35,65,66,68,74,82,84,88,92,105,109,121,125,126,127,133,137,139,147,150,155,156,173,180,181,185,188,195,198,201,209,214,222,223,224,225,245,254,259,261,275,279,281,286
18169 : 4,7,8,25,32,35,65,66,68,74,82,84,88,92,97,105,121,126,127,133,137,147,150,155,156,173,179,180,181,185,188,195,198,201,203,206,209,212,222,223,224,225,230,245,254,258,259,261
18032 : 4,7,25,32,35,65,66,68,74,84,88,92,105,106,121,126,127,133,141,147,150,155,156,173,181,185,188,195,198,201,209,210,212,222,223,224,225,228,245,254,258,259,261,262,275,281,286,290,291
17911 : 4,7,8,25,32,35,65,66,68,74,82,84,88,92,97,104,105,109,121,126,127,133,137,147,150,155,156,173,179,180,181,185,195,198,201,203,209,222,223,224,225,228,245,254,258,259,261,275
17844 : 4,7,8,25,32,35,65,66,68,74,82,84,88,92,97,105,109,121,125,126,127,133,137,139,147,150,155,156,173,180,181,185,188,195,198,201,209,214,222,223,224,225,245,254,259,261,275,281,286
17122 : 25,32,35,44,65,66,68,74,84,88,92,105,106,121,126,127,133,141,147,150,155,156,161,173,181,185,195,198,201,209,210,212,222,224,225,245,254,259,261,262,275,279,281,286,290,291,298
17036 : 4,8,25,32,35,65,66,68,74,84,88,92,97,105,125,126,127,133,137,139,147,148,150,155,156,173,181,185,188,195,198,209,210,222,223,224,225,230,245,254,258,259,261,275,281,286,290
17026 : 25,32,35,44,65,68,74,84,88,92,105,106,121,126,127,133,141,147,150,155,156,161,164,173,181,185,195,198,201,209,210,212,222,224,225,245,254,259,261,262,275,279,281,286,290,291,298
16920 : 7,8,25,32,35,44,65,66,68,74,84,88,92,105,109,126,127,133,139,141,147,150,155,156,161,173,180,185,187,188,195,198,209,210,214,222,224,225,245,254,258,259,261,275,281,286,291
16739 : 7,8,25,32,35,44,65,66,68,74,84,88,92,105,109,126,127,133,139,141,147,150,155,156,161,173,180,181,185,187,188,195,198,209,210,214,222,224,225,245,254,259,261,275,281,286,291
16644 : 7,8,25,32,35,44,65,66,68,74,84,88,92,97,105,125,126,127,133,137,141,147,148,150,155,156,173,181,185,187,188,195,198,201,209,210,222,224,225,230,245,254,259,261,275,281,286
16527 : 4,7,25,32,35,65,66,68,71,84,88,92,97,105,106,121,125,126,127,133,147,150,155,156,173,185,186,188,195,198,209,210,212,222,224,225,228,245,254,258,259,261,262,275,281,290,298
15971 : 4,7,25,32,35,65,66,68,71,88,92,97,104,105,106,121,125,126,127,133,147,150,155,156,173,185,186,188,195,198,209,210,212,222,224,225,228,245,254,258,259,261,262,275,281,290,298
15948 : 4,7,25,32,35,65,66,68,74,84,88,92,97,105,106,121,125,126,127,133,147,150,155,156,173,185,186,188,195,198,209,210,212,222,224,228,245,254,258,259,261,262,275,281,290,298
15828 : 4,7,25,32,35,65,66,68,71,74,84,88,92,97,105,121,125,126,127,133,147,150,155,156,173,185,186,188,195,198,209,210,212,222,224,228,245,254,258,259,261,262,275,281,290,298
15538 : 8,32,35,44,65,66,68,74,84,88,92,105,126,127,133,137,139,141,147,148,150,155,156,161,173,181,185,195,198,201,209,210,222,223,224,225,245,254,259,261,275,279,281,286,291
15195 : 8,25,32,35,51,61,62,65,66,68,82,84,88,92,97,105,106,121,126,127,133,147,150,155,156,161,164,173,179,180,181,185,186,187,195,198,201,209,212,214,222,223,224,225,230,245,254
15126 : 4,15,25,32,35,65,66,68,74,84,88,92,97,105,125,126,127,133,137,147,148,150,155,156,173,185,186,188,195,198,209,210,222,224,225,228,245,254,258,259,261,275,281,290
14952 : 4,8,25,32,35,65,66,68,74,84,88,92,97,105,125,126,127,133,137,147,148,150,155,156,173,181,185,188,195,198,209,210,222,224,225,230,245,254,258,259,261,275,281,287
14617 : 7,8,25,32,35,61,62,65,66,68,74,82,84,88,92,105,121,125,126,127,133,137,139,141,147,150,155,156,164,173,179,180,181,185,186,188,195,198,201,205,206,209,210,212,214,222
14338 : 4,7,8,32,35,65,66,68,74,84,88,92,97,105,125,126,127,133,137,139,147,148,150,155,156,173,185,186,188,195,198,209,210,222,224,228,245,254,258,259,261,275,281
14178 : 1,8,15,17,25,32,35,65,66,68,82,84,88,92,105,106,109,121,126,127,133,141,147,150,155,156,161,173,179,180,185,186,187,198,201,209,210,212,214,222,224,245,254
14061 : 7,8,25,32,35,44,65,66,68,74,84,88,92,97,105,109,125,126,127,133,139,147,150,155,156,161,173,180,185,186,187,188,195,198,209,210,212,214,222,224,225,245,254,259
13819 : 4,8,32,35,65,66,68,74,84,88,92,97,105,125,126,127,133,137,147,148,150,155,156,173,185,186,188,198,209,210,222,224,225,228,245,254,258,259,261,275,281,287
13758 : 4,7,8,32,35,65,66,68,74,88,92,97,105,125,126,127,133,137,139,147,148,150,155,156,173,181,185,186,188,195,198,209,210,222,224,228,245,254,258,259,261,275,281
13544 : 1,4,8,15,32,35,65,66,68,74,84,88,92,97,105,106,126,127,133,147,148,150,155,156,173,179,185,186,188,198,209,210,224,225,228,245,254,259,261,275,281,291
13456 : 4,8,32,35,65,66,68,74,84,88,92,97,105,125,126,127,133,137,147,148,150,155,156,173,185,188,198,209,210,222,224,225,228,230,245,254,258,259,261,275,281,287
13428 : 4,8,32,35,65,66,68,74,84,88,92,105,109,126,127,133,139,147,150,155,156,161,173,180,181,185,188,198,209,210,214,222,224,225,228,245,254,258,259,261,275,281
13308 : 4,25,32,35,44,65,66,68,74,84,88,92,105,106,109,121,125,126,127,133,139,147,150,155,156,161,173,181,185,195,198,201,209,210,212,214,222,224,225,245,254,259,261
13125 : 1,15,17,25,32,35,65,66,68,74,84,88,92,105,106,126,127,133,147,150,155,161,173,185,186,198,201,209,210,212,222,224,245,254,259,262,275,281,286,291,298
13066 : 4,7,8,32,35,65,66,68,74,84,88,92,97,105,125,126,127,133,137,139,147,148,150,155,173,185,186,188,195,198,209,210,222,224,245,254,258,259,261,275,281
12604 : 4,7,15,32,35,65,66,68,74,84,88,92,97,105,125,126,127,137,139,147,148,150,155,156,173,185,186,188,195,198,209,210,222,224,245,254,258,259,261,275,281
12575 : 4,7,15,32,35,65,66,68,74,84,88,92,97,105,125,126,127,133,137,139,147,148,150,155,173,185,186,188,195,198,209,210,222,224,245,254,258,259,261,275,281
12523 : 4,7,8,32,35,53,65,66,68,74,84,88,92,97,105,125,126,127,133,137,147,148,150,155,156,173,185,186,188,198,209,222,224,228,245,254,258,259,261,275,281
12490 : 1,15,17,25,32,35,65,66,68,74,84,88,92,105,106,126,127,133,147,150,155,156,161,173,185,186,198,201,209,210,212,222,224,245,254,259,262,281,286,291,298
12315 : 4,7,15,32,35,65,66,68,74,84,88,92,97,105,125,126,127,133,137,139,147,148,150,155,156,173,185,186,188,195,198,209,210,222,224,245,254,258,259,261,281
12283 : 4,7,8,32,35,65,66,68,74,84,88,92,97,105,125,126,127,133,137,147,148,150,155,173,185,186,188,198,209,210,222,224,228,245,254,258,259,261,275,281
11921 : 4,7,8,32,35,53,65,66,68,74,82,84,88,92,97,105,121,125,126,127,133,137,147,150,155,156,164,173,181,185,186,188,198,203,209,212,214,222,224,228,245,254
11876 : 1,4,7,15,17,32,35,65,66,68,74,84,88,92,97,105,106,126,133,147,148,150,155,156,173,179,185,186,198,209,212,224,225,245,254,259,273,275,281,291
11748 : 1,4,7,8,32,35,65,66,68,74,84,88,92,105,125,126,127,133,139,147,148,150,155,156,161,173,185,186,198,209,210,222,224,245,254,259,261,275,281
11570 : 13,32,34,35,44,56,64,65,66,68,82,84,92,104,105,126,128,133,137,150,155,173,180,185,187,188,198,209,210,222,245,246,254,258,259,275,279,281,284
11509 : 4,8,17,32,35,65,66,68,74,88,92,97,105,106,125,126,133,147,148,150,155,156,173,185,186,198,209,210,222,224,225,228,245,254,255,259,275,281,287
11465 : 1,4,7,15,32,35,65,66,68,74,84,88,92,97,105,106,126,133,147,150,155,161,173,185,186,195,198,209,212,222,224,245,254,258,259,261,275,281,298
11366 : 1,4,7,15,17,32,35,65,66,68,74,84,88,92,97,105,106,125,126,133,147,148,150,155,156,173,179,185,186,198,224,225,245,254,259,273,275,281,291
11362 : 4,7,8,25,32,35,62,65,66,68,84,88,92,97,105,106,109,121,125,126,127,133,141,147,150,155,156,161,173,179,180,181,185,186,187,188,195,198,209,210,212
11316 : 1,4,7,8,32,35,65,66,68,74,84,88,92,105,125,126,127,133,139,147,148,150,155,156,161,173,181,185,186,198,209,210,224,245,254,259,261,275,281
11225 : 4,8,25,32,35,53,62,65,66,68,84,88,92,105,106,109,125,126,127,133,141,147,148,150,155,156,161,173,179,180,185,188,198,201,209,210,222,224,225,245
10984 : 4,7,17,32,35,65,66,68,74,84,88,92,97,105,125,126,133,137,147,148,150,155,156,173,185,186,198,209,212,222,224,225,245,254,258,259,273,275,281,287
10824 : 7,32,35,65,66,68,84,88,92,105,126,133,150,155,165,172,173,185,186,193,195,198,214,221,222,224,225,245,254,259,261,262,269,274,275,281,298
10768 : 1,15,17,25,32,35,50,65,66,68,74,88,92,105,106,126,133,147,150,155,161,173,185,186,198,201,209,210,212,224,245,254,259,262,275,281,286,298
10561 : 13,34,35,44,56,64,65,66,68,82,84,92,104,105,126,128,133,137,150,155,173,180,185,188,198,210,222,245,246,254,258,259,263,275,279,281,284
10377 : 1,4,32,35,65,66,68,74,84,88,92,105,106,126,127,133,147,150,155,156,161,173,185,186,188,198,209,222,225,230,245,254,258,259,261,263,275,281
10121 : 1,4,7,15,32,35,65,66,68,74,84,88,92,97,105,125,126,127,133,137,147,148,150,155,173,185,186,188,198,209,210,245,254,258,259,261,275,281
10104 : 4,7,15,32,35,65,66,68,74,88,92,97,105,106,126,127,133,137,147,150,155,173,185,186,188,195,198,209,222,224,245,254,258,259,262,263,275,281
10074 : 7,8,32,35,51,53,65,66,68,74,82,84,88,92,97,105,125,126,127,133,137,141,147,148,150,155,156,164,173,179,185,186,187,188,198,201,209,212
9819 : 4,7,8,15,32,35,65,66,68,74,84,88,92,97,105,125,126,133,137,147,148,150,155,173,185,198,210,224,228,245,254,259,262,275,281,298
9747 : 1,4,32,35,65,66,68,74,88,92,97,105,106,125,126,127,133,137,147,148,150,155,156,173,185,186,198,209,221,224,225,245,254,259,261,275,281,287
9394 : 1,17,32,35,50,65,66,68,74,77,92,104,105,106,126,129,133,147,150,155,161,173,185,186,188,192,198,201,209,210,212,224,245,254,259,263,275
9335 : 15,25,32,35,64,65,66,68,88,92,105,126,133,137,150,155,173,176,179,185,198,209,210,212,224,228,245,254,258,259,262,275,279,281,287,298
9308 : 1,4,15,17,32,35,65,66,68,74,88,92,105,106,126,133,147,150,155,161,173,185,186,198,201,209,210,212,224,245,254,259,262,275,281,298
9259 : 7,8,25,32,35,44,53,65,66,68,74,84,88,92,105,126,127,133,141,147,148,150,155,156,161,173,181,185,186,187,188,198,209,210,222,224
9052 : 1,17,32,35,50,65,66,68,74,77,92,104,105,106,129,133,147,150,155,161,173,185,186,188,192,198,201,209,210,212,224,245,254,259,263,275
9038 : 7,8,25,32,35,44,65,66,68,74,84,88,92,105,125,126,127,133,137,139,147,148,150,155,156,161,173,180,181,185,186,187,188,195,198,209
8633 : 1,13,15,17,32,34,35,56,64,65,66,68,74,84,92,104,105,126,127,128,133,137,150,155,173,180,185,186,188,198,209,210,222,245
8456 : 1,4,7,15,17,32,35,65,66,68,74,88,92,97,105,106,125,126,133,147,148,150,155,173,185,186,198,224,245,254,255,259,275,281,291
8229 : 35,64,65,66,68,77,92,104,105,129,133,137,150,155,173,176,179,185,188,192,198,209,210,212,228,245,254,258,259,263,275,279,281,287
7914 : 4,7,15,32,35,65,66,68,74,84,88,92,105,125,126,127,133,137,139,147,148,150,155,173,185,186,188,198,209,210,245,254,259,262
7862 : 1,4,7,15,32,35,65,66,68,74,88,92,105,106,126,133,147,150,155,173,185,186,198,209,224,245,254,259,262,263,275,276,281,298
7715 : 1,4,7,15,17,32,35,65,66,68,74,88,92,97,105,106,125,126,133,148,155,173,185,186,198,210,221,245,254,255,259,275,281
7176 : 1,4,7,15,32,35,65,66,68,74,88,92,105,106,126,133,147,150,155,161,173,185,186,198,245,254,259,262,263,275,281,298
6423 : 4,7,8,15,17,35,65,68,84,92,97,105,125,126,133,148,173,185,186,188,198,210,214,222,228,245,254,255,258,259
6308 : 1,4,7,15,17,32,35,65,66,68,74,88,92,105,106,125,126,133,155,161,173,185,186,198,214,245,254,259,262,263,275
6265 : 1,2,4,15,17,35,65,66,68,92,97,105,106,111,126,133,148,161,185,186,198,201,214,221,245,254,259,275,281
5887 : 1,4,7,15,17,32,35,65,66,68,92,97,105,106,125,133,147,148,150,185,186,198,214,245,254,255,259,262,275
5281 : 1,4,7,15,35,65,68,92,97,105,106,126,133,147,148,150,185,186,198,221,245,254,255,259,262,275,281
4740 : 1,2,4,7,15,32,35,65,66,68,74,88,92,97,105,106,111,126,133,147,148,161,173,185,186,198
4561 : 1,4,7,15,17,35,65,68,92,97,105,106,125,133,148,185,186,198,214,221,245,254,255,259,262,275
4293 : 35,44,64,68,77,92,104,133,137,176,179,188,192,198,209,210,212,228,245,254,258,259,263,279,287
4224 : 2,35,61,65,68,74,92,105,111,133,161,165,185,186,193,198,201,210,259,263,269,274,281,298
4002 : 1,4,7,15,17,35,65,68,74,92,97,105,106,125,133,147,148,185,186,210,245,254,255,259
3271 : 1,2,4,15,17,65,68,74,92,97,105,106,111,133,147,148,161,185,186,201,210,245
3263 : 13,23,28,34,35,56,69,81,82,153,173,178,180,185,193,245,246,259,281,284,286,289
3156 : 35,44,64,77,104,128,137,176,188,192,209,210,212,228,245,254,258,259,263,279,287
2783 : 1,4,7,15,17,68,92,97,105,106,133,148,172,185,186,214,221,245,255,259,262
2683 : 2,65,68,74,92,111,133,147,161,165,185,186,193,201,210,259,263,269,274,281,298
2478 : 1,4,7,15,17,32,92,97,105,106,148,172,186,214,221,245,255,259,262
2348 : 17,29,35,37,68,72,92,112,117,120,149,167,193,218,228,251,255,259
2323 : 1,7,15,17,35,44,64,65,68,77,104,106,128,176,192,210,212,245,254
2204 : 2,65,68,74,111,133,147,161,165,185,186,193,201,263,269,274,281,295,298
2171 : 11,35,55,62,65,71,72,77,126,146,152,179,191,212,224,289,291,292
2167 : 4,35,36,67,72,73,129,149,164,185,192,198,205,249,254,263,264,270,288
2041 : 7,15,65,67,92,115,144,157,162,209,216,232,263,274,276,281,286
1847 : 4,23,28,35,36,56,69,72,81,129,149,178,185,192,246
1813 : 2,17,65,68,97,111,133,148,165,172,185,186,193,201,214,221,245,255,269
1812 : 23,28,35,69,77,81,153,176,178,192,193,209,212,228,245,259,286
1650 : 17,29,35,72,112,117,120,149,160,167,193,218,228,251,255,259
1636 : 2,10,25,51,75,115,161,164,175,183,204,212,241,253
1518 : 18,21,32,54,59,103,116,148,176,181,186,198,225,227,254,278
