29002 : 5,8,12,25,32,35,65,66,68,70,82,84,88,92,104,105,109,121,126,127,133,141,150,155,156,164,173,179,180,181,183,185,186,195,197,198,201,203,206,207,209,210,212,214,222,223,224,225,230,239,245,254,258,259,261,275,281,286,290,291
28897 : 8,12,25,32,35,65,66,68,69,82,84,88,92,104,105,109,121,126,127,133,141,150,155,156,164,173,179,180,181,183,185,186,195,197,198,201,203,205,206,207,209,210,212,214,222,223,224,225,230,239,245,254,258,259,261,275,281,284,286,290,291
28874 : 8,12,25,32,35,65,66,68,82,84,88,92,104,105,109,121,126,127,133,141,150,155,156,164,173,179,180,181,183,185,186,195,197,198,201,203,206,207,208,209,210,212,214,222,223,224,225,230,239,245,254,258,259,261,275,281,284,286,290,291
28848 : 8,12,25,32,35,65,66,68,70,82,84,88,92,104,105,107,109,121,126,127,133,141,150,155,156,164,173,179,180,181,183,185,186,195,197,198,201,203,206,207,209,210,212,214,222,223,224,225,230,239,245,254,258,259,261,275,281,286,290,291
28766 : 5,8,12,25,32,35,65,66,68,70,71,82,84,88,92,104,105,121,126,127,133,141,150,155,156,164,173,179,180,181,183,185,186,195,197,198,201,203,206,207,209,210,212,214,222,223,224,225,230,239,245,254,258,259,261,275,281,286,290,291
28735 : 8,12,25,32,35,65,66,67,68,82,84,88,92,104,105,109,121,126,127,133,141,150,155,156,164,173,179,180,181,183,185,186,195,197,198,201,203,205,206,207,209,210,212,214,222,223,224,225,230,239,245,254,258,259,261,275,281,284,286,290,291
28713 : 8,12,25,32,35,65,66,68,82,84,88,92,104,105,109,121,126,127,133,141,150,155,156,164,166,173,179,180,181,183,185,186,195,197,198,201,203,206,207,209,210,212,214,222,223,224,225,230,239,245,254,258,259,261,275,281,284,286,290,291
28700 : 8,25,32,35,65,66,68,69,82,84,88,92,104,105,107,109,121,126,127,133,141,150,155,156,164,173,179,180,181,183,185,186,195,197,198,201,203,206,207,208,209,210,212,214,222,223,224,225,230,239,245,254,258,259,261,275,281,284,286,291
28700 : 8,12,25,32,35,61,65,66,68,69,71,82,84,88,92,104,105,109,121,126,127,133,150,155,156,164,173,179,180,181,183,185,186,195,197,198,201,203,205,206,207,209,210,212,214,222,223,224,225,230,239,245,254,258,259,261,275,281,286,290,291
28700 : 8,12,13,25,32,35,65,66,68,69,71,82,84,88,92,105,109,121,126,127,133,141,150,155,156,164,173,179,180,181,183,185,186,195,198,201,203,205,206,207,209,210,212,214,222,223,224,225,230,239,245,254,258,259,261,275,281,284,286,290,291
28688 : 8,12,25,32,35,65,66,68,69,82,84,88,92,104,105,106,109,121,126,127,133,141,150,155,156,164,173,179,180,181,183,185,186,195,197,198,201,203,205,206,207,209,210,212,214,222,223,224,225,230,239,245,254,259,261,275,281,284,286,290,291
28685 : 5,8,12,25,32,35,65,66,67,68,70,82,84,88,92,104,105,109,121,126,127,133,150,155,156,164,173,179,180,181,183,185,186,195,197,198,201,203,206,207,209,210,212,214,222,223,224,225,230,239,245,254,258,259,261,275,281,286,290,291
28683 : 8,12,25,32,35,65,66,68,82,84,88,92,104,105,106,109,121,126,127,133,141,150,155,156,164,173,179,180,181,183,185,186,195,197,198,201,203,205,206,207,209,210,212,214,222,223,224,225,230,239,245,254,258,259,261,275,281,284,286,290,291
28653 : 8,25,32,35,65,66,68,69,82,84,88,92,104,105,107,109,121,126,127,133,141,150,155,156,164,173,179,180,181,183,185,186,195,197,198,201,203,206,207,208,209,210,212,214,222,223,224,225,230,239,245,254,258,259,261,275,281,286,290,291
28634 : 8,25,32,35,65,66,68,69,82,84,88,92,104,105,109,121,126,127,133,141,150,155,156,164,173,179,180,181,183,185,186,195,197,198,201,203,206,207,208,209,210,212,214,222,223,224,225,230,239,245,254,258,259,261,275,281,284,286,290,291
28593 : 8,12,25,32,35,65,66,68,69,71,82,84,88,92,105,109,121,126,127,133,141,150,155,156,164,173,179,180,181,183,185,186,195,197,198,201,203,205,206,207,209,210,212,214,222,223,224,225,230,239,245,254,258,259,261,275,281,284,286,290,291
28574 : 5,8,12,25,32,35,65,66,68,69,82,84,88,92,104,105,109,121,126,127,133,141,150,155,156,164,173,179,180,181,183,185,186,195,197,198,201,203,205,206,207,209,210,212,214,222,223,224,225,230,245,254,258,259,261,275,281,284,286,290,291
28544 : 5,8,12,25,32,35,65,66,68,82,84,88,92,104,105,109,121,126,127,133,141,150,155,156,164,173,179,180,181,183,185,186,195,197,198,201,203,206,207,209,210,212,214,222,223,224,225,230,239,245,254,258,259,261,275,281,284,286,290,291
28522 : 8,12,25,32,35,65,66,68,69,82,84,88,92,104,105,109,121,125,126,127,133,141,150,155,156,164,173,179,180,181,183,185,186,195,197,198,201,203,205,206,207,209,210,212,214,222,223,224,225,230,239,245,254,259,261,275,281,284,286,290,291
28513 : 8,25,32,35,65,66,68,69,82,84,88,92,104,105,107,109,121,126,127,133,141,150,155,156,164,173,179,180,181,183,185,186,195,197,198,201,203,205,206,207,209,210,212,214,222,223,224,225,230,239,245,254,258,259,261,275,281,284,286,290,291
28502 : 8,25,32,35,65,66,68,69,82,84,88,92,104,105,106,107,109,121,126,127,133,141,150,155,156,164,173,179,180,181,183,185,186,195,197,198,201,203,205,206,207,209,210,212,214,222,223,224,225,239,245,254,258,259,261,275,281,284,286,290,291
28501 : 8,12,25,32,35,65,66,68,69,71,82,84,88,92,104,105,109,121,126,127,133,141,150,155,156,164,173,179,180,181,183,185,186,195,197,198,201,203,205,206,207,209,210,212,214,222,223,224,225,230,239,245,254,259,261,275,281,284,286,290,291
28495 : 8,12,25,32,35,61,65,66,68,69,82,84,88,92,104,105,109,121,126,127,133,141,150,155,156,164,173,179,180,181,183,185,186,195,197,198,201,203,205,206,207,209,210,212,214,222,223,224,225,230,239,245,254,258,259,261,275,281,286,290,291
28466 : 8,12,25,32,35,65,66,68,69,71,82,84,88,92,104,105,106,109,121,126,127,133,141,150,155,156,164,173,179,180,181,183,185,186,195,197,198,201,203,205,206,207,209,210,212,214,222,223,224,225,230,239,245,254,259,261,275,281,286,290,291
28454 : 8,12,25,32,35,65,66,68,82,84,88,92,105,109,121,126,127,133,141,150,155,156,164,173,179,180,181,183,185,186,195,197,198,201,203,205,206,207,208,209,210,212,214,222,223,224,225,230,239,245,254,258,259,261,275,281,284,286,290,291
28450 : 8,12,25,32,35,65,66,67,68,69,71,82,84,88,92,105,109,121,126,127,133,141,150,155,156,164,173,179,180,181,183,185,186,195,197,198,201,203,205,206,207,209,210,212,214,222,223,224,225,230,239,245,254,258,259,261,275,281,286,290,291
28446 : 8,12,13,25,32,35,65,66,68,69,71,82,84,88,92,104,105,109,121,126,127,133,141,150,155,156,164,173,179,180,181,183,185,186,195,198,201,203,205,206,207,209,210,212,214,222,223,224,225,230,239,245,254,258,259,261,275,281,286,290,291
28431 : 8,12,25,32,35,65,66,67,68,69,82,84,88,92,104,105,106,109,121,126,127,133,141,150,155,156,164,173,179,180,181,183,185,186,195,197,198,201,205,206,207,209,210,212,214,222,223,224,225,230,239,245,254,259,261,275,281,284,286,290,291
28391 : 8,12,25,32,35,61,65,66,68,82,84,88,92,104,105,109,121,126,127,133,141,150,155,156,164,173,179,180,181,183,185,186,195,197,198,201,203,205,206,207,209,210,212,214,222,223,224,225,230,239,245,254,258,259,261,275,281,284,286,290,291
28372 : 8,12,13,25,32,35,65,66,68,69,71,82,84,88,92,105,106,109,121,126,127,133,141,150,155,156,164,173,179,180,181,183,185,186,195,197,198,201,203,205,206,207,209,210,212,214,222,223,224,225,230,239,245,254,259,261,275,281,286,290,291
28366 : 5,8,12,25,32,35,65,66,67,68,70,82,84,88,92,104,105,109,121,126,127,133,150,155,156,164,173,179,180,181,185,186,195,197,198,201,203,205,206,207,209,210,212,214,222,223,224,225,230,239,245,254,258,259,261,275,281,286,290,291
28365 : 8,12,25,32,35,65,66,68,71,82,84,88,92,104,105,107,109,121,126,127,133,141,150,155,156,164,173,179,180,181,183,185,186,195,197,198,201,203,206,207,209,210,212,214,222,223,224,225,230,239,245,254,258,259,261,275,281,286,290,291
28363 : 5,8,12,25,32,35,65,66,68,70,71,82,84,88,92,104,105,109,121,126,127,133,141,150,155,156,164,173,179,180,181,183,185,186,195,197,198,201,203,206,207,209,210,212,214,222,223,224,225,230,239,245,254,258,259,261,275,281,286,290
28345 : 8,13,25,32,35,65,66,67,68,82,84,88,92,104,105,109,121,126,127,133,141,150,155,156,164,173,179,180,181,183,185,186,195,197,198,201,203,205,206,207,209,210,212,214,222,223,224,225,230,239,245,254,258,259,261,275,281,284,286,290,291
28340 : 8,12,25,32,35,65,66,68,69,82,84,88,92,104,105,109,111,121,126,127,133,141,150,155,156,164,173,179,180,181,183,185,186,195,197,198,201,203,205,207,209,210,212,214,222,223,224,225,230,239,245,254,258,259,261,275,281,284,286,290,291
28307 : 8,12,25,32,35,65,66,68,82,84,88,92,104,105,109,121,126,127,133,141,150,155,156,164,173,179,180,181,183,185,186,195,197,198,201,203,207,208,209,210,212,214,222,223,224,225,230,232,239,245,254,258,259,261,275,281,284,286,290,291
28267 : 12,25,32,35,65,66,68,69,82,84,88,92,104,105,106,109,121,126,127,133,141,150,155,156,164,173,179,180,181,183,185,186,195,197,198,201,203,205,206,207,209,210,212,214,222,223,224,225,230,239,245,254,258,259,261,275,281,284,286,290,291
28261 : 8,12,25,32,35,65,66,68,69,71,82,84,88,92,104,105,109,121,126,127,133,141,150,155,156,164,173,179,180,181,183,185,186,195,197,198,201,203,205,206,207,209,210,212,214,222,223,224,225,230,239,245,254,258,259,261,275,281,286,290,291
28259 : 8,13,25,32,35,65,66,68,69,82,84,88,92,104,105,107,109,121,126,127,133,141,150,155,156,164,173,179,180,181,183,185,186,195,198,201,203,205,206,207,209,210,212,214,222,223,224,225,230,239,245,254,258,259,261,275,281,284,286,290,291
28247 : 8,12,25,32,35,65,66,68,69,71,82,84,88,92,104,105,121,126,127,133,141,150,155,156,164,173,179,180,181,183,185,186,195,197,198,201,203,206,207,209,210,212,214,222,223,224,225,230,239,245,254,258,259,261,275,281,284,286,290,291
28247 : 5,8,12,25,32,35,65,66,68,70,82,84,88,92,104,105,109,121,126,127,133,141,150,155,156,164,173,179,180,181,183,185,186,195,197,198,201,203,205,206,207,209,210,212,214,222,223,224,225,230,239,245,254,258,259,261,275,281,286,290
28247 : 8,12,25,32,35,61,65,66,68,69,71,82,84,88,92,104,105,109,121,126,127,133,141,150,155,156,164,173,179,181,183,185,186,195,197,198,201,203,205,206,207,209,210,212,214,222,223,224,225,230,239,245,254,258,259,261,275,281,286,290,291
28139 : 8,12,25,32,35,61,65,66,68,69,71,82,84,88,92,104,105,106,109,121,126,127,133,141,150,155,156,164,173,179,181,183,185,186,195,197,198,201,203,205,206,207,209,210,212,214,222,223,224,225,230,239,245,254,259,261,275,281,286,290,291
28119 : 8,12,25,32,35,65,66,68,82,84,88,92,104,105,109,121,126,127,133,141,150,155,156,164,173,179,180,181,183,185,186,195,197,198,201,203,205,206,207,208,209,210,212,214,222,223,224,225,230,239,245,254,258,259,261,275,281,284,286,290
28108 : 8,12,25,32,35,65,66,68,69,82,84,88,92,104,105,109,121,126,127,133,141,150,155,156,164,173,179,180,181,183,185,186,195,197,198,201,203,205,206,207,208,209,210,212,214,223,224,225,230,239,245,254,258,259,261,275,281,286,290,291
28077 : 8,12,25,32,35,61,65,66,68,69,82,84,88,92,104,105,106,109,121,126,127,133,141,150,155,156,164,173,179,180,181,183,185,186,195,198,201,203,205,206,207,209,210,212,214,222,223,224,225,230,239,245,254,259,261,275,281,284,286,290,291
28069 : 8,12,25,32,35,65,66,68,71,82,84,88,92,104,105,106,109,121,126,127,133,141,150,155,156,164,173,179,180,181,183,185,186,195,197,198,201,203,205,206,207,209,210,212,214,222,223,224,225,230,239,245,254,258,259,261,275,281,284,286,291
28050 : 8,12,25,32,35,61,65,66,67,68,69,71,82,84,88,92,105,109,121,126,127,133,141,150,155,156,164,173,179,180,181,183,185,186,195,197,198,201,203,205,206,207,209,210,212,214,222,223,224,225,239,245,254,258,259,261,275,281,286,290,291
28046 : 5,8,12,25,32,35,65,66,67,68,70,82,84,88,92,104,105,109,121,126,127,133,141,150,155,156,164,173,179,180,181,183,185,186,195,197,198,201,203,206,207,209,210,212,214,222,223,224,225,230,239,245,254,258,259,261,275,281,284,286
28041 : 8,12,25,32,35,65,66,68,82,84,88,92,104,105,109,121,126,127,133,141,150,155,156,164,166,173,179,180,181,183,185,186,195,197,198,201,203,205,206,207,209,210,212,214,222,223,224,225,230,239,245,258,259,261,275,281,284,286,290,291
28025 : 8,12,25,32,35,65,66,68,82,88,92,104,105,109,121,126,127,133,141,150,155,156,164,173,179,180,181,183,185,186,195,197,198,201,203,205,206,207,208,209,210,212,214,222,223,224,225,230,239,245,254,258,259,261,275,281,284,286,290,291
28009 : 12,25,32,35,65,66,68,69,71,82,84,88,92,104,105,106,109,121,126,127,133,141,150,155,156,164,173,179,180,181,183,185,186,195,197,198,201,203,205,206,207,209,210,212,214,222,223,224,225,230,239,245,254,258,259,261,275,281,286,290,291
28003 : 8,25,32,35,65,66,68,71,82,84,88,92,104,105,106,107,109,121,125,126,127,133,141,150,155,156,164,173,179,180,181,183,185,186,195,197,198,201,203,205,206,207,209,210,212,214,222,223,224,225,239,245,254,258,259,261,275,281,286,290,291
28001 : 8,25,32,35,65,66,68,69,70,82,84,88,92,104,105,107,109,121,126,127,133,141,150,155,156,164,173,179,180,181,183,185,186,195,197,198,201,203,207,208,209,210,212,214,222,223,224,225,230,239,245,254,258,259,261,275,281,284,286,291
27974 : 5,8,12,25,32,35,65,66,68,69,82,84,88,92,104,105,109,111,121,126,127,133,141,150,155,156,164,173,179,180,181,183,185,186,195,197,198,201,203,205,206,207,209,212,214,222,223,224,225,230,245,254,258,259,261,275,281,284,286,290,291
27949 : 8,12,25,32,35,65,66,67,68,69,71,82,84,88,92,104,105,109,121,126,127,133,141,150,155,156,164,173,179,180,181,183,185,186,195,197,198,201,203,205,206,207,209,212,214,222,223,224,225,230,239,245,254,258,259,261,275,281,286,290,291
27943 : 8,25,32,35,61,65,66,67,68,69,82,84,88,92,105,109,121,126,127,133,141,150,155,156,164,173,179,180,181,183,185,186,195,197,198,201,203,205,206,207,209,210,212,214,222,223,224,225,230,239,245,254,258,259,261,275,281,284,286,290,291
27940 : 8,25,32,35,61,65,66,68,69,82,84,88,92,104,105,107,109,121,126,127,133,141,150,155,156,164,173,179,180,181,183,185,186,195,198,201,203,205,206,207,209,210,212,214,222,223,224,225,230,239,245,254,258,259,261,275,281,284,286,290,291
27934 : 8,12,25,32,35,61,65,66,68,69,71,82,84,88,92,104,105,106,109,121,126,127,133,141,150,155,156,164,173,179,180,181,183,185,186,195,197,198,201,205,206,207,209,210,212,214,222,223,224,225,230,239,245,254,259,261,275,281,286,290,291
27903 : 8,12,25,32,35,65,66,68,82,84,88,92,104,105,109,121,126,127,133,141,150,155,156,164,173,179,180,181,183,185,186,195,197,198,201,203,205,206,207,208,209,210,212,214,223,224,225,230,239,245,254,258,259,261,275,281,284,286,290,291
27893 : 8,12,25,32,35,65,66,68,69,82,84,88,92,104,105,109,121,126,127,133,141,150,155,156,164,173,179,180,181,183,185,186,195,197,198,201,203,205,206,207,208,209,210,212,214,222,223,224,225,230,239,245,254,258,259,261,275,281,284,286
27880 : 8,12,25,32,35,65,66,67,68,70,82,84,88,92,104,105,109,121,126,127,133,141,150,155,156,164,173,179,180,181,183,185,186,195,197,198,201,203,205,206,207,209,210,212,214,222,223,224,225,230,239,245,254,258,259,261,275,281,286,290
27861 : 8,25,32,35,61,65,66,68,82,84,88,92,104,105,106,107,109,121,125,126,127,133,141,150,155,156,164,173,179,180,181,183,185,186,195,197,198,201,203,205,206,207,209,210,212,214,222,223,224,225,239,245,254,258,259,261,275,281,286,290,291
27860 : 8,25,32,35,65,66,68,69,82,84,88,92,104,105,107,109,121,126,127,133,141,150,155,156,164,173,179,180,181,183,185,186,195,197,198,203,205,206,207,208,209,210,212,214,222,223,224,225,230,239,245,254,258,259,261,275,281,286,290,291
27853 : 8,12,25,32,35,61,65,66,68,69,71,82,84,88,92,104,105,106,109,121,126,127,133,141,150,155,156,164,173,179,181,183,185,186,195,197,198,201,203,205,206,207,209,210,212,214,222,223,224,225,230,239,245,254,258,259,261,275,281,286,291
27837 : 8,12,13,25,32,35,61,65,66,68,69,71,82,84,88,92,105,109,121,126,127,133,141,150,155,156,164,173,179,181,183,185,186,195,198,201,203,205,206,207,209,210,212,214,222,223,224,225,230,239,245,254,258,259,261,275,281,284,286,290,291
27812 : 8,12,13,25,32,35,65,66,68,69,71,82,84,88,92,105,106,109,121,126,127,133,141,150,155,156,164,173,179,180,181,183,185,186,195,197,198,201,203,205,206,207,209,210,212,214,222,223,224,225,230,245,254,259,261,275,281,284,286,290,291
27804 : 8,25,32,35,65,66,68,71,82,84,88,92,104,105,107,109,121,126,127,133,141,150,155,156,160,164,173,179,180,181,183,185,186,195,197,198,201,203,206,207,209,210,212,214,222,223,224,225,230,239,245,254,258,259,261,275,281,286,290,291
27792 : 8,25,32,35,65,66,68,71,82,84,88,92,104,105,107,109,121,125,126,127,133,141,150,155,156,164,173,179,180,181,183,185,186,195,197,198,201,203,206,207,208,209,210,212,214,222,223,224,225,230,239,245,254,258,259,261,275,281,286,290
27784 : 8,12,25,32,35,65,66,68,69,82,84,88,92,104,105,109,121,126,133,141,150,155,156,164,173,179,180,181,183,185,186,195,197,198,201,203,205,206,207,208,209,210,212,214,222,223,224,225,230,239,245,254,258,259,261,275,281,284,286,291
27679 : 8,25,32,35,65,66,68,69,82,84,88,92,104,105,107,109,121,126,127,133,141,150,155,156,164,173,179,180,181,183,185,186,195,197,198,201,203,205,206,207,208,209,210,212,214,223,224,225,230,239,245,254,258,259,261,275,281,286,290,291
27656 : 8,12,25,32,35,61,65,66,68,69,71,82,84,88,92,104,105,106,109,121,126,133,141,150,155,156,164,173,179,181,183,185,186,195,197,198,201,203,205,206,207,209,210,212,214,222,223,224,225,230,239,245,254,259,261,275,281,284,286,290,291
27646 : 8,12,25,32,35,65,66,68,69,70,82,84,88,92,104,105,109,121,126,127,133,141,150,155,156,164,173,179,180,181,183,185,186,195,197,198,201,203,205,206,207,209,210,212,214,222,223,224,225,230,239,245,254,258,259,261,275,281,284,286
27645 : 8,12,25,32,35,65,66,68,69,82,84,88,92,104,105,109,121,126,127,133,141,150,155,156,164,166,173,179,180,181,183,185,186,195,197,198,201,203,205,206,207,209,210,212,214,222,223,224,225,230,239,245,254,258,259,261,275,281,284,286
27614 : 8,25,32,35,61,65,66,68,82,84,88,92,104,105,106,107,109,121,125,126,127,133,141,150,155,156,164,173,179,180,181,183,185,186,195,197,198,201,203,205,206,207,209,210,212,214,222,223,224,225,230,239,245,254,258,259,275,281,286,290,291
27610 : 8,12,25,32,35,61,65,66,68,69,71,82,84,88,92,104,105,109,121,126,127,133,141,150,155,156,164,173,179,180,181,183,185,186,195,197,198,201,203,205,206,207,209,210,212,214,222,223,224,230,239,245,254,258,259,261,275,281,286,290,291
27595 : 8,25,32,35,61,65,66,68,69,82,84,88,92,104,105,107,109,121,126,127,133,141,150,155,156,164,173,179,180,181,183,185,186,195,197,198,201,203,206,207,208,209,210,212,214,222,223,224,225,230,239,245,254,258,259,261,275,281,284,286
27552 : 8,12,25,32,35,65,66,67,68,69,82,84,88,92,104,105,109,121,126,127,133,141,150,155,156,164,173,180,181,183,185,186,195,197,198,201,203,205,206,207,208,209,210,212,214,223,224,225,230,239,245,254,258,259,261,275,281,286,290,291
27539 : 8,25,32,35,65,66,68,69,82,84,88,92,104,105,106,107,109,121,125,126,127,133,141,150,155,156,164,173,179,180,181,183,185,186,195,197,198,201,203,205,206,207,208,209,210,212,214,222,223,224,225,239,245,254,258,259,261,275,281,286
27496 : 8,12,25,32,35,65,66,68,69,82,84,88,92,104,105,109,121,126,127,133,141,150,155,156,164,173,179,180,181,183,185,186,195,197,198,201,203,206,207,208,209,210,212,214,222,223,224,225,230,239,245,254,258,259,261,275,281,284,286
27487 : 8,25,32,35,65,66,68,69,70,82,84,88,92,104,105,107,109,121,125,126,127,133,141,150,155,156,164,173,179,180,181,183,185,186,195,197,198,201,207,208,209,210,212,214,222,223,224,225,230,239,245,254,258,259,261,275,281,284,286,291
27481 : 8,12,25,32,35,65,66,67,68,69,71,82,84,88,92,104,105,109,121,125,126,127,133,141,150,155,156,164,173,179,180,181,183,185,186,195,198,201,203,205,206,207,209,212,214,222,223,224,225,230,239,245,254,258,259,261,275,281,286,290,291
27473 : 5,8,12,25,32,35,65,66,68,69,70,82,84,88,92,104,105,109,121,126,127,133,141,150,155,156,164,173,179,180,181,183,185,186,195,197,198,201,203,206,207,209,210,212,214,222,223,224,225,230,239,245,254,258,259,261,275,281,286
27439 : 8,12,25,32,35,61,65,66,68,69,71,82,84,88,92,104,105,109,121,126,127,133,141,150,155,156,164,173,179,180,181,183,185,186,195,197,198,201,203,205,206,207,209,210,212,214,222,223,224,225,230,239,245,254,258,259,261,275,281,284,286
27403 : 8,12,25,32,35,65,66,68,69,82,84,88,92,104,105,107,109,121,126,127,133,141,150,155,156,164,173,179,180,181,183,185,186,195,197,198,201,203,205,206,207,209,210,212,214,222,223,224,225,230,239,245,254,258,259,261,275,281,284,286
27391 : 8,12,25,32,35,61,65,66,68,69,71,82,88,92,104,105,106,109,121,126,127,133,141,150,155,156,164,173,179,180,181,183,185,186,195,198,201,203,205,206,207,209,210,212,214,222,223,224,225,230,239,245,254,259,261,275,281,284,286,290,291
27349 : 8,12,25,32,35,61,65,66,68,69,70,82,84,88,92,104,105,106,109,121,126,127,133,141,150,155,156,164,173,179,180,181,183,185,186,195,198,201,203,207,208,209,210,212,214,222,223,224,225,230,239,245,254,258,259,261,275,281,284,286
27306 : 8,12,25,32,35,61,65,66,68,69,71,82,84,88,92,104,105,109,121,125,126,127,133,150,155,156,164,173,179,180,181,183,185,186,195,197,198,201,203,205,206,207,209,212,214,222,223,224,225,230,239,245,254,258,259,261,275,281,286,290,291
27299 : 8,12,25,32,35,65,66,68,69,71,82,84,88,92,104,105,109,121,126,127,133,141,150,155,156,164,173,179,180,181,183,185,186,195,197,198,201,203,206,207,208,209,210,212,214,222,223,224,225,230,239,245,254,258,259,261,275,281,286
27298 : 8,12,25,32,35,65,66,68,69,82,84,88,92,104,105,106,109,121,126,127,133,141,150,155,156,164,173,179,180,181,183,185,186,195,197,198,201,203,205,206,207,209,210,212,214,222,223,224,225,230,239,245,254,258,259,261,275,281,284,286
27297 : 8,12,25,32,35,65,66,68,69,71,82,84,88,92,104,105,107,109,121,126,127,133,141,150,155,156,164,173,179,180,181,183,185,186,195,197,198,201,203,205,206,207,209,210,212,214,222,223,224,225,230,239,245,254,258,259,261,275,281,286
27275 : 8,12,25,32,35,65,66,67,68,69,82,84,88,92,104,105,109,121,126,127,133,141,150,155,156,164,173,179,180,181,183,185,186,195,197,198,201,203,205,206,207,209,210,212,214,222,223,224,225,230,239,245,254,258,259,261,275,281,284,286
27266 : 8,25,32,35,61,65,66,67,68,69,82,84,88,92,104,105,107,109,121,126,127,133,141,150,155,156,164,173,179,180,181,183,185,195,197,198,201,203,206,207,208,209,210,212,214,222,223,224,225,230,239,245,254,258,259,261,275,281,284,286
27197 : 8,12,25,32,35,65,66,68,69,71,82,84,88,92,104,105,107,109,121,126,127,133,141,150,155,156,164,173,179,180,181,183,185,186,195,197,198,201,203,206,207,208,209,210,212,214,222,223,224,225,230,239,245,254,258,259,261,275,281
27136 : 8,12,25,32,35,65,66,68,69,71,82,84,88,92,104,105,109,121,126,127,133,141,150,155,156,164,173,179,180,181,183,185,186,195,197,198,201,203,205,206,207,209,210,212,214,222,223,224,225,230,239,245,254,258,259,261,275,281,284,286
27113 : 8,12,13,25,32,35,65,66,68,69,71,82,84,88,92,104,105,109,121,126,127,133,141,150,155,156,164,173,179,180,181,183,185,186,195,197,198,201,203,206,207,208,209,210,212,214,222,223,224,225,230,239,245,254,258,259,261,275,281
27097 : 8,12,25,32,35,65,66,68,69,71,82,84,88,92,104,105,109,121,126,127,133,141,150,155,156,164,173,179,180,181,183,185,186,195,197,198,201,203,206,207,208,209,210,212,214,222,223,224,225,230,239,245,254,258,259,261,275,281,284
27056 : 8,12,25,32,35,61,65,66,68,69,82,84,88,92,104,105,109,121,126,127,133,141,150,155,156,164,166,173,179,180,181,183,185,186,195,197,198,201,203,205,206,207,209,210,212,214,222,223,224,225,230,239,245,254,258,259,261,275,281,284
26962 : 8,12,13,25,32,35,65,66,68,69,71,82,84,88,92,104,105,109,121,126,127,133,141,150,155,156,164,173,179,180,181,183,185,186,195,197,198,201,203,205,206,207,209,210,212,214,222,223,224,225,230,239,245,254,258,259,261,275,281,284
26931 : 8,12,25,32,35,61,65,66,68,69,82,84,88,92,104,105,109,121,126,127,133,141,150,155,156,164,173,179,180,181,183,185,186,195,197,198,201,203,205,206,207,209,210,212,214,222,223,224,225,230,239,245,254,258,259,261,275,281,284,286
26926 : 8,12,25,32,35,61,65,66,68,69,82,84,88,92,104,105,106,109,121,126,127,133,141,150,155,156,164,173,179,181,183,185,186,195,197,198,201,203,205,206,207,209,210,212,214,222,223,224,225,230,239,245,254,258,259,261,275,281,284,286
26861 : 8,12,25,32,35,61,65,66,67,68,69,71,82,84,88,92,104,105,109,125,126,127,133,150,155,156,164,173,179,180,181,183,185,186,195,197,198,201,203,205,206,207,209,212,214,222,223,224,225,230,239,245,254,258,259,261,275,281,286,290,291
26626 : 8,12,25,32,35,65,66,68,69,82,84,88,92,104,105,109,121,126,127,133,141,150,155,156,164,173,179,180,181,183,185,186,195,197,198,201,203,205,206,207,208,209,210,212,214,223,224,225,230,239,245,254,258,259,261,275,281,284,286
26445 : 8,12,25,32,35,65,66,68,69,71,82,84,88,92,105,109,121,126,127,133,141,150,155,156,164,173,179,180,181,183,185,186,195,197,198,201,203,205,206,207,208,209,210,212,214,223,224,225,230,239,245,254,258,259,261,275,281,284,286
26013 : 8,12,25,32,35,61,65,66,68,69,71,82,84,88,92,104,105,109,121,126,127,133,141,150,155,156,164,173,179,181,183,185,186,195,197,198,201,203,205,206,207,208,209,210,212,214,223,224,225,230,239,245,254,258,259,261,275,281,286
