milestone, 1, 2, 3, 5, 10, 20, 30, 40, 50, 60, 70, 80, 90, 100
179511 , 182902 , 183374 , 185719 , 188559 , 189504 , 191095 , 196985 , 197674 , 204223 , 206920 , 209539 , 219864 , 219793 , 
59269.2 , 65548 , 67463.1 , 71001 , 76002.2 , 88769.7 , 89276.4 , 93598.7 , 100026 , 100040 , 103530 , 103530 , 106644 , 106644 , 
176911 , 180625 , 180942 , 182865 , 185857 , 185464 , 187480 , 192968 , 196292 , 207012 , 209795 , 212433 , 216595 , 216636 , 
218666 , 219995 , 220669 , 220687 , 221714 , 234343 , 236303 , 238626 , 239112 , 242316 , 244304 , 246101 , 248105 , 248116 , 
224460 , 225415 , 225784 , 226622 , 228418 , 250206 , 250745 , 250859 , 251896 , 251837 , 252858 , 252802 , 253388 , 253382 , 
57023.8 , 60167.1 , 62097.6 , 64156.9 , 67113.7 , 77730.3 , 83841.2 , 84714.7 , 87457.2 , 87814.3 , 91578 , 91630.1 , 95297.3 , 95297.3 , 
8645.6 , 9386 , 9931.3 , 9987.9 , 9935.9 , 12014.7 , 12877.5 , 14344.6 , 15960.3 , 16215 , 16603.2 , 16603.2 , 17133.1 , 17133.1 , 
44467.8 , 47812.5 , 51596.1 , 52683.7 , 55047.2 , 64876.3 , 66349.4 , 71409.9 , 80005 , 80025.6 , 83140 , 83649.7 , 84966 , 84966 , 
229954 , 230731 , 231396 , 231531 , 231908 , 239086 , 239319 , 241204 , 241681 , 241782 , 241708 , 242955 , 243852 , 243906 , 
18908.7 , 20157.6 , 20249.9 , 20644.2 , 22124.9 , 25513.7 , 27438.8 , 28215.5 , 28741.5 , 29305.7 , 29883.8 , 29914.9 , 30364.5 , 30364.5 , 
14826.8 , 15262.9 , 15742.9 , 16221.3 , 17413 , 19275.2 , 19680.8 , 20862.3 , 22204.1 , 22263.9 , 24089.7 , 24185.2 , 26062.3 , 26062.3 , 
53052.3 , 53534.1 , 53874.2 , 54493.2 , 55051.9 , 55067.3 , 56197.6 , 56308.6 , 57010.5 , 58476.3 , 59064.9 , 59835 , 60249.4 , 60353 , 
2833.2 , 3165.7 , 3135.3 , 3464.2 , 3479.3 , 3920.8 , 4388.1 , 4940.7 , 5233.5 , 5362.9 , 5486 , 5542.9 , 5626.7 , 5626.7 , 
46219 , 46738.1 , 47042.7 , 47973.6 , 48678.1 , 48846.3 , 49699.6 , 49991.6 , 50591.1 , 51789.3 , 53012.3 , 53361.6 , 54444.1 , 54432.5 , 
60314.2 , 60679.2 , 60737 , 60805.1 , 60816.8 , 64046 , 64194.3 , 64404.4 , 64390.1 , 64647.6 , 64647.6 , 64647.6 , 64737.7 , 64737.7 , 
29862 , 31234.8 , 32070.7 , 32330.7 , 34333.8 , 38163.8 , 38381.4 , 40201 , 41143.4 , 41848.2 , 43911.9 , 43911.9 , 44841.8 , 44841.8 , 
10048.6 , 11348.3 , 11701.6 , 12368.3 , 13285.4 , 15260.8 , 16244.9 , 16843.7 , 17971.4 , 18149.1 , 19031.1 , 19031.1 , 19890 , 19890 , 
15906.4 , 16648.4 , 17201.9 , 18088.2 , 19001.3 , 21985 , 22918.1 , 24004.5 , 24578.4 , 24902.3 , 25698.3 , 25698.3 , 26539.1 , 26539.1 , 
29012.4 , 30363.3 , 31373.6 , 31805.3 , 32369.5 , 33456.3 , 34325.7 , 36544.6 , 38117.4 , 39386.7 , 41883.2 , 41952.3 , 42791.1 , 42791.1 , 
80449.4 , 81099.6 , 82296.6 , 83826.8 , 85368.5 , 88055.5 , 89231.1 , 93728.5 , 97788.8 , 99104.1 , 100756 , 101852 , 103551 , 103551 , 
72386.7 , 73814.7 , 74757.8 , 76863.9 , 79225.6 , 80468.4 , 83057.2 , 88594 , 90177.7 , 91849.4 , 98019 , 98019 , 100940 , 100940 , 
98749.8 , 99075.2 , 100013 , 101653 , 102793 , 102299 , 103750 , 105717 , 106474 , 107030 , 107886 , 107774 , 108471 , 108817 , 
25542.8 , 27919.1 , 28862.4 , 29633.2 , 31311.5 , 35001.3 , 35850.1 , 39659.4 , 41010.2 , 41519.8 , 43704.7 , 43892.4 , 46296 , 46296 , 
99635.2 , 101838 , 102068 , 103004 , 103805 , 108078 , 109152 , 110971 , 111067 , 111920 , 112995 , 113698 , 114484 , 114480 , 
44991.2 , 46467.9 , 47123 , 48860.6 , 51316 , 57711.1 , 58422.6 , 61737.5 , 64523.3 , 65176.4 , 66082 , 66326.8 , 68885.4 , 68885.4 , 
11891 , 12418.4 , 12891.2 , 13492.2 , 14515.1 , 16852.9 , 18080.6 , 20504 , 21384.9 , 21676.4 , 22619.4 , 22619.4 , 23652 , 23652 , 
39851.7 , 43682.3 , 44213.2 , 45020.4 , 47496.1 , 53037.4 , 54764.6 , 58531.7 , 60449.3 , 62080.8 , 63271.8 , 63271.8 , 65208.6 , 65208.6 , 
42615.8 , 44613.9 , 45237.8 , 46857.5 , 49727.7 , 55373.9 , 57623.8 , 61816.9 , 63787.4 , 64399.9 , 66822.2 , 66822.2 , 69133.6 , 69133.6 , 
56818.1 , 59848.3 , 60363.8 , 62934.4 , 64195.2 , 69757.8 , 71913.3 , 78360.7 , 81414.3 , 81641.3 , 84673.5 , 84909.3 , 87440.9 , 87440.9 , 
135618 , 137104 , 137827 , 139493 , 141109 , 140415 , 142220 , 149398 , 150780 , 152439 , 154667 , 157397 , 160518 , 160615 , 
187493 , 187988 , 188412 , 188647 , 189041 , 192165 , 192165 , 192165 , 192165 , 192165 , 192165 , 192165 , 192165 , 192165 , 
81070 , 83957.7 , 84485.1 , 87099.8 , 89656.8 , 95752.2 , 97372.4 , 107831 , 110219 , 113196 , 117142 , 117307 , 121296 , 121296 , 
43467.2 , 46888.8 , 48085.6 , 51805.4 , 55529.5 , 63512.1 , 64139.8 , 70450.9 , 74756.3 , 75782.1 , 79317.9 , 79317.9 , 81533.3 , 81533.3 , 
59371.9 , 62611.5 , 63590.1 , 66273.5 , 68187.2 , 77455.9 , 80576.2 , 82788 , 84963 , 85675.1 , 92697.2 , 92697.2 , 95386.4 , 95386.4 , 
20250.3 , 23232.8 , 23756.1 , 24738 , 25625.3 , 29023.6 , 29563 , 32092.3 , 34962.1 , 35732.9 , 36723.6 , 36723.6 , 38499.3 , 38499.3 , 
134706 , 136792 , 138449 , 140727 , 141440 , 140964 , 142983 , 146115 , 146943 , 149924 , 153819 , 158782 , 165142 , 165108 , 
97602.3 , 100340 , 102155 , 103602 , 106317 , 110552 , 113177 , 122069 , 128131 , 130516 , 136104 , 136104 , 138253 , 138253 , 
13910.3 , 15181.2 , 16150.8 , 17891.4 , 18420.2 , 21424.7 , 22352.6 , 23902.1 , 25482.7 , 25917.7 , 27990.6 , 27990.6 , 29328.6 , 29328.6 , 
89058 , 91466.9 , 91577.9 , 93778.8 , 98475.9 , 106886 , 108309 , 116907 , 124840 , 125338 , 128482 , 128540 , 131910 , 131910 , 
274706 , 288448 , 297729 , 306893 , 324989 , 340337 , 346942 , 366946 , 373254 , 382757 , 399299 , 399916 , 417002 , 417002 , 
922910 , 926269 , 928605 , 932085 , 934764 , 968354 , 970511 , 977927 , 981166 , 984776 , 986919 , 987677 , 988827 , 988754 , 
194327 , 212666 , 225065 , 229209 , 244529 , 266262 , 277872 , 289523 , 299896 , 302015 , 312284 , 312336 , 324300 , 324300 , 
17767.6 , 21401.3 , 22610.8 , 26060.8 , 28003.5 , 28782.7 , 29889.5 , 33977.8 , 36294.7 , 38131.2 , 40796.2 , 40796.2 , 42088.6 , 42088.6 , 
58809.7 , 68375.9 , 71822.6 , 78597.3 , 85149.7 , 89567.9 , 94357 , 99409.2 , 103356 , 105305 , 110814 , 110884 , 117664 , 117664 , 
726592 , 737024 , 738890 , 749278 , 758471 , 766616 , 777567 , 788789 , 800286 , 809010 , 812845 , 823470 , 832584 , 833416 , 
29342.3 , 32337.1 , 34860.6 , 36284.6 , 37548 , 38308.4 , 40296.3 , 44388.1 , 46496.9 , 47556.6 , 52601.8 , 53122.1 , 54521.3 , 54521.3 , 
612128 , 627449 , 630517 , 640211 , 663616 , 678543 , 683261 , 699941 , 710748 , 732658 , 751125 , 751144 , 764894 , 764894 , 
712482 , 728193 , 738554 , 753959 , 758450 , 761896 , 770186 , 775651 , 776804 , 794725 , 814260 , 819402 , 844737 , 844705 , 
552659 , 558718 , 569981 , 580198 , 593128 , 607717 , 616180 , 641390 , 658868 , 665937 , 689135 , 690048 , 702529 , 702529 , 
29823.6 , 32753 , 33355.1 , 35996.4 , 39675.4 , 41725.6 , 43587.9 , 44035.1 , 46146.8 , 46541.6 , 48093.4 , 48093.4 , 50540.8 , 50540.8 , 
188020 , 191749 , 192854 , 194338 , 195988 , 197743 , 199994 , 202389 , 203042 , 206184 , 208426 , 209443 , 212524 , 212901 , 
232679 , 234191 , 234968 , 235819 , 237328 , 244365 , 245277 , 245365 , 245596 , 246062 , 246280 , 246501 , 246767 , 246721 , 
208865 , 210204 , 211530 , 214190 , 215782 , 220747 , 221957 , 221852 , 222432 , 222707 , 222950 , 224521 , 227080 , 227823 , 
165871 , 171353 , 171356 , 175217 , 177150 , 179092 , 181720 , 185882 , 187332 , 192400 , 196374 , 196995 , 205323 , 205323 , 
56117 , 59642.1 , 61767.3 , 64071.5 , 66521.4 , 72015.9 , 73090.1 , 76477.2 , 78415.9 , 80180.1 , 83490.9 , 84188.3 , 87258.6 , 87258.6 , 
36224.6 , 38920.9 , 40415.2 , 43249.3 , 46778.2 , 49830.3 , 51573 , 53325.4 , 55209.4 , 56094.2 , 59330.9 , 59330.9 , 63475.7 , 63475.7 , 
121114 , 124428 , 128037 , 132680 , 136542 , 146270 , 146771 , 150915 , 153143 , 153841 , 156718 , 156802 , 160947 , 160947 , 
32154.1 , 34657.5 , 34739.5 , 37008.2 , 41846.3 , 43821.1 , 44272.4 , 46745.3 , 48601.6 , 49436.5 , 51702 , 51786.3 , 54447.7 , 54447.7 , 
236607 , 240773 , 246963 , 252510 , 261712 , 278384 , 281802 , 287687 , 293008 , 297543 , 305159 , 305730 , 312149 , 312149 , 
328670 , 331679 , 336480 , 340746 , 349966 , 351222 , 360354 , 367703 , 371806 , 375591 , 382144 , 384555 , 390642 , 390919 , 
156794 , 166982 , 168863 , 174873 , 184853 , 205354 , 207868 , 210095 , 214831 , 216154 , 224728 , 224728 , 232423 , 232423 , 
164582 , 174347 , 178016 , 186123 , 195315 , 209296 , 212071 , 224984 , 229560 , 237037 , 241122 , 241961 , 254756 , 254756 , 
167265 , 173511 , 179881 , 185682 , 195871 , 206468 , 208350 , 217794 , 222738 , 225872 , 232282 , 232282 , 245108 , 245108 , 
473287 , 474639 , 475795 , 476706 , 477592 , 490616 , 492520 , 493312 , 495348 , 495600 , 495487 , 500202 , 503170 , 503194 , 
410885 , 411837 , 413685 , 416527 , 420335 , 425032 , 428246 , 427578 , 428963 , 431646 , 432395 , 439105 , 443605 , 443842 , 
172614 , 177297 , 181703 , 187775 , 194468 , 212397 , 215984 , 221275 , 223542 , 232895 , 239364 , 240232 , 250903 , 250903 , 
268528 , 274862 , 281831 , 287636 , 294095 , 299992 , 306605 , 319485 , 328160 , 331686 , 339207 , 340110 , 347241 , 347241 , 
63721.7 , 69614.6 , 74036.1 , 80446.6 , 87546.3 , 91173.4 , 93095.3 , 101570 , 104270 , 105825 , 113809 , 113875 , 116118 , 116118 , 
89934.4 , 94646.6 , 100350 , 108043 , 117645 , 125558 , 130963 , 138079 , 143764 , 144770 , 149689 , 150405 , 158496 , 158496 , 
353567 , 367228 , 376014 , 383095 , 410132 , 431039 , 439057 , 457902 , 461985 , 468119 , 472435 , 472473 , 482589 , 482589 , 
205065 , 218548 , 219232 , 229590 , 244356 , 261984 , 264525 , 273633 , 282596 , 287070 , 298318 , 300671 , 316392 , 316392 , 
38251.3 , 42385.5 , 43486.4 , 47704.4 , 53340 , 55651.6 , 59963.6 , 63126.4 , 64448.8 , 65978.6 , 68100.8 , 68275.3 , 73408.5 , 73408.5 , 
80717.9 , 83192.7 , 87978.4 , 90970 , 100817 , 108922 , 113444 , 117482 , 119369 , 130218 , 133647 , 134413 , 145038 , 145038 , 
83680.7 , 94166.1 , 98013.7 , 105189 , 115366 , 120018 , 124061 , 131178 , 137906 , 140733 , 144672 , 145040 , 150923 , 150923 , 
167119 , 174494 , 180440 , 189314 , 197830 , 208136 , 211030 , 225368 , 231986 , 234940 , 242085 , 243364 , 252140 , 252140 , 
191100 , 200310 , 211335 , 219074 , 232802 , 250095 , 253629 , 258870 , 268874 , 272426 , 282314 , 284800 , 294173 , 294173 , 
555511 , 561002 , 562815 , 567270 , 577308 , 585589 , 589560 , 603283 , 607670 , 614190 , 616221 , 624285 , 636085 , 636143 , 
450834 , 459560 , 466343 , 470368 , 483486 , 497368 , 501930 , 517514 , 526182 , 538714 , 549955 , 555209 , 561872 , 561872 , 
321152 , 325546 , 328331 , 332197 , 341050 , 353524 , 357366 , 370290 , 376221 , 385263 , 387686 , 391020 , 395356 , 395356 , 
13452.5 , 16712.4 , 18025.8 , 21097.2 , 22563 , 24083.2 , 26747.8 , 27716.6 , 28430.1 , 29336.4 , 30862.2 , 31092.9 , 32970.6 , 32970.6 , 
217044 , 226546 , 228609 , 234004 , 243978 , 259824 , 260781 , 265319 , 267267 , 269576 , 274429 , 275367 , 283328 , 283328 , 
397145 , 403872 , 406917 , 410460 , 416278 , 419814 , 427417 , 432560 , 434803 , 442355 , 449768 , 452724 , 465464 , 465464 , 
9865.1 , 11142.6 , 11317.4 , 12156.9 , 14010.9 , 14442.3 , 14623.9 , 15748.4 , 16469.6 , 17183.5 , 17749.3 , 17749.3 , 18399.3 , 18399.3 , 
191585 , 202885 , 205354 , 212199 , 226346 , 234642 , 240730 , 247908 , 251967 , 253076 , 257021 , 257095 , 266353 , 266353 , 
452445 , 458930 , 461531 , 464703 , 471809 , 471254 , 473765 , 475333 , 478074 , 478542 , 478906 , 482461 , 489172 , 489851 , 
5913.7 , 7845.6 , 8076 , 8641.3 , 8907.1 , 8838.4 , 9219.5 , 9960.6 , 10829.8 , 11010.1 , 11555.1 , 11650.3 , 11968.1 , 11968.1 , 
166931 , 182244 , 184496 , 191284 , 206200 , 216451 , 219871 , 224314 , 230900 , 232320 , 237049 , 238494 , 243850 , 243850 , 
951357 , 955788 , 960943 , 963013 , 976306 , 985774 , 989833 , 993780 , 997308 , 1.00004e+06 , 1.00682e+06 , 1.01157e+06 , 1.02003e+06 , 1.02217e+06 , 
353110 , 374242 , 385485 , 397117 , 416146 , 450469 , 453023 , 466736 , 473316 , 478153 , 489484 , 492302 , 504860 , 504860 , 
57341.4 , 65241.1 , 67634.8 , 73219.9 , 81895 , 83312.7 , 89577.3 , 94544.1 , 98634.7 , 101738 , 104518 , 106139 , 110755 , 110755 , 
796657 , 803070 , 803119 , 819353 , 833699 , 836996 , 843466 , 862411 , 879062 , 884058 , 888476 , 892709 , 908079 , 908720 , 
185128 , 199672 , 207670 , 228353 , 242971 , 253888 , 263853 , 272784 , 278894 , 280722 , 289630 , 289630 , 293292 , 293292 , 
595844 , 620256 , 624475 , 646304 , 665636 , 684780 , 694226 , 706885 , 714804 , 726041 , 731026 , 738980 , 752671 , 752671 , 
630298 , 633456 , 637735 , 649543 , 670233 , 698024 , 709118 , 720416 , 730207 , 735943 , 748388 , 751206 , 773615 , 773615 , 
30911.4 , 32909.1 , 34506.7 , 36203 , 38327.4 , 38427.6 , 40948.2 , 43378.6 , 45448.2 , 46117.4 , 50040.1 , 50057 , 52682.9 , 52682.9 , 
646752 , 663283 , 673917 , 683691 , 699742 , 718280 , 726831 , 732270 , 740388 , 752882 , 767150 , 771719 , 781394 , 781394 , 
643915 , 662154 , 673554 , 689076 , 712567 , 720789 , 732690 , 755293 , 761152 , 765456 , 781349 , 784023 , 794203 , 794203 , 
