milestone, 1, 2, 3, 5, 10, 20, 30, 40, 50, 60, 70, 80, 90, 100
179498 , 181052 , 182687 , 186176 , 187955 , 188895 , 190228 , 196253 , 202803 , 202803 , 202803 , 202803 , 202803 , 202803 , 
64043.8 , 66307.1 , 68119.3 , 72579.2 , 77709.2 , 81431.1 , 82182.8 , 83862.8 , 83865.2 , 84140.4 , 84140.4 , 84452.9 , 84452.9 , 84452.9 , 
177735 , 180466 , 181973 , 183851 , 185870 , 186941 , 187716 , 198818 , 201557 , 201557 , 201557 , 201557 , 201557 , 201557 , 
217119 , 219117 , 219412 , 220599 , 222092 , 224293 , 224658 , 234161 , 234161 , 234161 , 234161 , 234161 , 234161 , 234161 , 
224487 , 225619 , 225771 , 226721 , 227474 , 228301 , 228456 , 235868 , 236854 , 236854 , 236854 , 236854 , 236854 , 236854 , 
54140.5 , 59330.9 , 61281.8 , 63512.8 , 69537.6 , 71862.3 , 73687.3 , 75096.6 , 75584 , 75911.7 , 76700.8 , 76700.8 , 76700.8 , 76700.8 , 
8163.2 , 9098.1 , 9739.7 , 9821.5 , 10153.6 , 10168.5 , 10168.5 , 10375.8 , 10375.8 , 10375.8 , 10375.8 , 10375.8 , 10375.8 , 10375.8 , 
45711.5 , 49611.3 , 52207.1 , 55726.4 , 59589.9 , 62368.9 , 63059.7 , 66296.3 , 66784.8 , 67013.8 , 67013.8 , 67013.8 , 67013.8 , 67013.8 , 
228730 , 229171 , 230938 , 231340 , 231849 , 232238 , 232570 , 234858 , 235344 , 235768 , 236247 , 236247 , 236682 , 236682 , 
18707.7 , 19764.3 , 20736.9 , 21727 , 22773.9 , 25285.8 , 26102.5 , 26833.9 , 26833.9 , 26833.9 , 26833.9 , 26833.9 , 26833.9 , 26833.9 , 
13809.4 , 15522.7 , 16060.9 , 16590.3 , 17507.3 , 18144.3 , 18359.4 , 19718.1 , 19782.8 , 19894.6 , 19894.6 , 19894.6 , 19894.6 , 19894.6 , 
52197 , 53268.5 , 54216.5 , 54610.7 , 55510.1 , 55781.6 , 56229.5 , 57082.2 , 57200.2 , 57742.3 , 57742.3 , 57742.3 , 57742.3 , 57742.3 , 
2872.2 , 3361.7 , 3480.2 , 3575.9 , 3666.7 , 3673.8 , 3680.9 , 3824.1 , 3870.1 , 3870.1 , 3870.1 , 3870.1 , 3870.1 , 3870.1 , 
46030 , 46865.2 , 47192.1 , 47746.6 , 48701.1 , 48953.5 , 49446.2 , 52541.5 , 52541.5 , 52541.5 , 52541.5 , 52541.5 , 52541.5 , 52541.5 , 
60155 , 60417.8 , 60397.8 , 60770.2 , 61155.7 , 61944.5 , 61993.9 , 62519.5 , 62519.5 , 62519.5 , 62519.5 , 62519.5 , 62519.5 , 62519.5 , 
29637.9 , 30941.6 , 32090.8 , 32888.4 , 34567.1 , 37329.5 , 37688.3 , 38092.4 , 38174.5 , 38174.5 , 38174.5 , 38174.5 , 38174.5 , 38174.5 , 
10109.2 , 11013.6 , 12291.7 , 13183.3 , 14024.9 , 14661.7 , 14720 , 15213.8 , 15427.2 , 15427.2 , 15427.2 , 15427.2 , 15427.2 , 15427.2 , 
15600.2 , 17391.1 , 17932.1 , 19065.5 , 19561.9 , 20382.6 , 20636.8 , 21192.8 , 21192.8 , 21560 , 21560 , 21560 , 21560 , 21560 , 
29025.1 , 29961.4 , 30353.8 , 31753.1 , 33127.4 , 35933.2 , 36095 , 36572.1 , 36572.1 , 36572.1 , 36572.1 , 36572.1 , 36572.1 , 36572.1 , 
79930.5 , 81843.6 , 83128.6 , 84792.7 , 85976.1 , 86559.1 , 87208.7 , 91377.4 , 92488.5 , 92853.3 , 93045 , 93045 , 93045 , 93045 , 
72804 , 75446.6 , 76578.6 , 78355.7 , 80184.3 , 83822.8 , 84193.6 , 86673 , 87311.9 , 87492.6 , 87492.6 , 87492.6 , 87492.6 , 87492.6 , 
98105.9 , 100465 , 100814 , 101810 , 103008 , 103550 , 103930 , 105175 , 105272 , 105539 , 106438 , 106924 , 107115 , 107119 , 
25323.4 , 26923 , 28534.1 , 30049.2 , 32213.2 , 34678.2 , 34939.1 , 35865.4 , 35941.1 , 36071.2 , 36071.2 , 36071.2 , 36071.2 , 36071.2 , 
99397.3 , 100322 , 100924 , 102729 , 103555 , 103778 , 104341 , 108425 , 108425 , 108425 , 108425 , 108425 , 108425 , 108425 , 
42891.5 , 46488.4 , 47337.6 , 49805.4 , 52192.2 , 58075.1 , 59044 , 59481.6 , 59773.6 , 59773.6 , 59773.6 , 59773.6 , 59773.6 , 59773.6 , 
12132.4 , 13633.8 , 14281.6 , 14654 , 15315.7 , 15651.2 , 15886.8 , 16387.5 , 16511.5 , 16834.5 , 16834.5 , 16842.4 , 17025.3 , 17025.3 , 
39840.8 , 42689.2 , 44144.3 , 46245.7 , 48957 , 53527.8 , 53674.3 , 54415.1 , 54415.1 , 54415.1 , 54415.1 , 54415.1 , 54415.1 , 54415.1 , 
40539.3 , 43528.4 , 45048 , 47477.1 , 50761 , 54868.5 , 55501.9 , 56866.1 , 57053.9 , 57053.9 , 57053.9 , 57053.9 , 57053.9 , 57053.9 , 
54885.7 , 59464.1 , 61320.6 , 62898.8 , 64750.9 , 73751 , 74036.5 , 74573.5 , 74573.5 , 74573.5 , 74573.5 , 74573.5 , 74573.5 , 74573.5 , 
131252 , 135079 , 137105 , 138628 , 140050 , 140658 , 142192 , 150657 , 150657 , 150657 , 150657 , 150657 , 150657 , 150657 , 
188307 , 188367 , 188441 , 188521 , 188607 , 191463 , 191463 , 191463 , 191463 , 191463 , 191463 , 191463 , 191463 , 191463 , 
78018.6 , 85202.9 , 86771 , 89124.8 , 92047.3 , 100397 , 101095 , 101224 , 101310 , 101297 , 101468 , 101757 , 103131 , 103131 , 
45518.3 , 48875.7 , 51334.8 , 54064 , 56663.3 , 60019.8 , 60961.3 , 64730.1 , 65391.5 , 65391.5 , 65391.5 , 65391.5 , 65391.5 , 65391.5 , 
57689.9 , 61795.8 , 63203.7 , 67241.3 , 69055.7 , 74424.9 , 75842.7 , 77653.3 , 77653.3 , 77653.3 , 77653.3 , 77653.3 , 77653.3 , 77653.3 , 
17405.4 , 19794.5 , 20858.3 , 23867.2 , 25760.6 , 26686 , 27344.9 , 28947.8 , 29085.3 , 29355.5 , 29355.5 , 29523.2 , 29678.1 , 29678.1 , 
131054 , 135119 , 137040 , 139646 , 141148 , 142119 , 142694 , 145457 , 147066 , 147067 , 147081 , 147586 , 147903 , 147923 , 
97015.9 , 99751.6 , 102032 , 103826 , 106816 , 115473 , 116691 , 119162 , 119441 , 119441 , 119441 , 119441 , 119441 , 119441 , 
13542.2 , 15282.5 , 15687.4 , 17177.8 , 18842.7 , 19607 , 19712.1 , 20861.8 , 21167.5 , 21167.5 , 21167.5 , 21167.5 , 21167.5 , 21167.5 , 
88541 , 91577.6 , 94416.7 , 96359.2 , 98895.9 , 105956 , 106069 , 110796 , 111073 , 111073 , 111073 , 111073 , 111073 , 111073 , 
249462 , 284658 , 299266 , 319157 , 341718 , 352217 , 361943 , 365925 , 372492 , 372928 , 374173 , 374376 , 374629 , 375358 , 
919129 , 923047 , 925150 , 928655 , 932214 , 932972 , 935495 , 949549 , 955163 , 957011 , 957933 , 958887 , 959802 , 959802 , 
198527 , 213385 , 227839 , 249192 , 264875 , 277739 , 291982 , 301496 , 304154 , 308362 , 310503 , 311498 , 311981 , 312055 , 
21711.6 , 24422.8 , 24994.1 , 26295.7 , 27667.4 , 28885.5 , 28980.2 , 30129.7 , 30787.1 , 30787.1 , 30787.1 , 30787.1 , 30787.1 , 30787.1 , 
57042.4 , 70067.2 , 72675.3 , 80330.3 , 87403.2 , 96116.7 , 99454.4 , 102197 , 102586 , 104466 , 104466 , 104466 , 104466 , 104466 , 
721758 , 730408 , 737632 , 744918 , 759531 , 766307 , 769620 , 789892 , 796762 , 796762 , 796762 , 796762 , 796762 , 796762 , 
26280.8 , 31030.2 , 34195.4 , 36851.9 , 38814.5 , 39872.7 , 40026 , 42309 , 42329.7 , 42704.9 , 42704.9 , 42704.9 , 42704.9 , 42704.9 , 
615406 , 626694 , 640876 , 658824 , 669984 , 683819 , 689363 , 710595 , 718341 , 719277 , 720118 , 720172 , 722710 , 722710 , 
720354 , 740856 , 746841 , 751741 , 760084 , 767681 , 772334 , 798349 , 799321 , 799321 , 799321 , 799321 , 799321 , 799321 , 
529828 , 549754 , 559316 , 580906 , 592573 , 618214 , 621362 , 630758 , 631640 , 631627 , 635558 , 635558 , 635558 , 635558 , 
28833.3 , 32891.8 , 35302.5 , 38292.6 , 41187.6 , 44445.1 , 46567.5 , 48936.8 , 49962.1 , 50032.4 , 50059.4 , 50059.4 , 50059.4 , 50059.4 , 
181773 , 187793 , 190762 , 192298 , 195124 , 197601 , 199220 , 204315 , 206888 , 207181 , 209114 , 209162 , 209154 , 209250 , 
230467 , 233283 , 234086 , 235522 , 236854 , 237397 , 238039 , 241486 , 241772 , 242651 , 242651 , 242651 , 242651 , 242651 , 
208698 , 211641 , 212646 , 213230 , 216136 , 216831 , 218261 , 224552 , 224552 , 224552 , 224552 , 224552 , 224552 , 224552 , 
166613 , 171316 , 172873 , 176285 , 178708 , 183647 , 184743 , 189278 , 190305 , 190305 , 190305 , 190305 , 190305 , 190305 , 
54142.1 , 57505.2 , 60366.3 , 63958.5 , 69598.9 , 72490.4 , 75809.2 , 77330.5 , 78719.9 , 79995.8 , 80227 , 80326.3 , 80326.3 , 80326.3 , 
37311.7 , 42441.3 , 44595.4 , 48927 , 52642.7 , 54728.9 , 56512.4 , 58991.4 , 59784.9 , 60341.1 , 60513.5 , 60513.5 , 60513.5 , 60513.5 , 
120861 , 127531 , 130682 , 134242 , 139066 , 146174 , 147593 , 147866 , 148102 , 148102 , 148102 , 148102 , 148102 , 148102 , 
33583.1 , 36799.7 , 38351.5 , 40920.3 , 43986.4 , 45957.7 , 47610.1 , 48459.3 , 48688 , 48944.9 , 49260.5 , 49332.9 , 49391.5 , 49471.1 , 
223569 , 240424 , 245398 , 253269 , 264011 , 281876 , 283919 , 284044 , 283919 , 284369 , 284819 , 284982 , 285016 , 285097 , 
324157 , 334701 , 336726 , 343220 , 351173 , 359692 , 363185 , 373124 , 373943 , 373943 , 373943 , 373943 , 373943 , 373943 , 
152120 , 160514 , 165018 , 175220 , 185617 , 194262 , 200311 , 203334 , 206590 , 209058 , 212068 , 212657 , 213746 , 213928 , 
159220 , 176094 , 181394 , 190698 , 200940 , 214591 , 216828 , 220455 , 221323 , 221447 , 222519 , 222519 , 222519 , 222519 , 
161686 , 176481 , 185764 , 191767 , 205267 , 221157 , 225514 , 228143 , 228532 , 229435 , 229754 , 229827 , 229857 , 230014 , 
471301 , 473863 , 475055 , 476123 , 477054 , 477324 , 478081 , 483942 , 484048 , 485421 , 486269 , 486269 , 486269 , 486269 , 
406773 , 412210 , 413802 , 415575 , 419141 , 420362 , 421535 , 431293 , 432563 , 433346 , 433346 , 433346 , 433346 , 433346 , 
168527 , 177635 , 183539 , 192054 , 199902 , 211076 , 213588 , 216923 , 219518 , 220479 , 220535 , 220900 , 221913 , 222010 , 
264620 , 272668 , 277594 , 285578 , 296668 , 316754 , 318470 , 318749 , 319588 , 319588 , 319588 , 319588 , 319588 , 319588 , 
62711.6 , 73901.5 , 78649.5 , 85153.4 , 93390.2 , 97945.9 , 101340 , 106525 , 108041 , 109827 , 109827 , 109827 , 109827 , 109827 , 
89651.7 , 99255.5 , 102397 , 110606 , 121949 , 129821 , 136443 , 145656 , 147014 , 147902 , 147902 , 147902 , 147902 , 147902 , 
368275 , 381729 , 387622 , 397133 , 407244 , 437108 , 440914 , 443341 , 443341 , 443341 , 443341 , 443341 , 443341 , 443341 , 
210058 , 216232 , 227736 , 239034 , 250617 , 263562 , 269361 , 276157 , 280386 , 284490 , 285901 , 285901 , 285901 , 285901 , 
32201.1 , 40379.5 , 44631.8 , 49316.4 , 55059.9 , 59430.8 , 61336.5 , 62391.8 , 62559.8 , 63243.2 , 63834.9 , 63834.9 , 63841.4 , 63864.9 , 
71491.1 , 84526.2 , 90001.6 , 95847.2 , 105779 , 112273 , 120655 , 126009 , 128138 , 131645 , 131953 , 131953 , 131953 , 131953 , 
86932.5 , 99494.8 , 104006 , 109383 , 119252 , 127085 , 132101 , 138849 , 140657 , 141926 , 141926 , 141926 , 141926 , 141926 , 
155476 , 173725 , 179206 , 189488 , 204308 , 213220 , 221001 , 230652 , 231984 , 232465 , 233187 , 233191 , 234087 , 234087 , 
183561 , 206581 , 213288 , 229110 , 241768 , 250659 , 257543 , 273344 , 280406 , 280406 , 280406 , 280406 , 280406 , 280406 , 
543548 , 564668 , 566363 , 573577 , 581042 , 583894 , 586218 , 601772 , 604912 , 606944 , 608229 , 608229 , 608229 , 608229 , 
440956 , 455986 , 466072 , 479550 , 487862 , 500908 , 504051 , 519524 , 520094 , 520094 , 520094 , 520094 , 520094 , 520094 , 
315861 , 331050 , 336745 , 344506 , 351872 , 369821 , 370862 , 371500 , 371949 , 371949 , 371949 , 371949 , 371949 , 371949 , 
13562.3 , 17362.4 , 18697.3 , 21978.6 , 25264.7 , 27086.4 , 28567.9 , 29861.2 , 30039.4 , 30342.7 , 30381.7 , 30381.7 , 30381.7 , 30381.7 , 
217691 , 230208 , 230893 , 237633 , 247638 , 263325 , 265648 , 269238 , 269434 , 269434 , 269434 , 269434 , 269434 , 269434 , 
392898 , 399526 , 404600 , 411745 , 419550 , 422897 , 428974 , 440684 , 441362 , 442059 , 442059 , 442059 , 442059 , 442059 , 
8159.4 , 10365.1 , 11133.2 , 12550.6 , 13365.1 , 14616.4 , 14778.6 , 15261.4 , 15384.7 , 15384.7 , 15384.7 , 15384.7 , 15384.7 , 15384.7 , 
185912 , 205519 , 208966 , 222160 , 231317 , 244716 , 248436 , 251527 , 255959 , 256823 , 260196 , 260196 , 260196 , 260196 , 
448853 , 456696 , 459576 , 464552 , 470276 , 471672 , 473854 , 482254 , 483803 , 483803 , 483803 , 483803 , 483803 , 483803 , 
5665.4 , 7038.1 , 8212.4 , 8606.9 , 8986.5 , 9159.3 , 9194.2 , 9602.1 , 9602.1 , 9602.1 , 9602.1 , 9602.1 , 9602.1 , 9607.8 , 
163228 , 171912 , 179567 , 189966 , 204564 , 219087 , 224250 , 225942 , 228204 , 229628 , 231917 , 232405 , 232405 , 232405 , 
948246 , 956924 , 961221 , 965998 , 974175 , 975849 , 978947 , 989579 , 1.00066e+06 , 1.00483e+06 , 1.00678e+06 , 1.00678e+06 , 1.00678e+06 , 1.00678e+06 , 
360633 , 384534 , 394074 , 416836 , 437140 , 461183 , 473422 , 479743 , 484462 , 487990 , 491655 , 491772 , 493575 , 493575 , 
57700.1 , 65919.4 , 72370.3 , 78289.8 , 90490.8 , 95864.2 , 100217 , 103233 , 105404 , 106392 , 106392 , 106961 , 107370 , 107370 , 
789088 , 800640 , 815016 , 819965 , 831450 , 835202 , 843128 , 859920 , 872155 , 872601 , 872695 , 873134 , 875545 , 875545 , 
179410 , 203387 , 216918 , 229410 , 247525 , 264025 , 279473 , 286170 , 291565 , 298874 , 299671 , 300095 , 300095 , 300095 , 
598681 , 620623 , 634065 , 654299 , 672533 , 704539 , 707872 , 710538 , 711562 , 712228 , 713482 , 713482 , 713482 , 713482 , 
607180 , 634583 , 647594 , 667179 , 681640 , 724864 , 725484 , 725484 , 725484 , 725484 , 725484 , 725484 , 725484 , 725484 , 
26677.2 , 29986.3 , 32970.8 , 35755.3 , 39195.7 , 41965.8 , 42997.4 , 45023.9 , 45324.9 , 45440 , 45679.7 , 45679.7 , 45679.7 , 45679.7 , 
644341 , 659101 , 674595 , 691666 , 711424 , 735626 , 740006 , 752751 , 755152 , 755152 , 755152 , 755152 , 755152 , 755152 , 
646147 , 674308 , 682239 , 693735 , 710303 , 729690 , 734295 , 738828 , 745467 , 746544 , 747186 , 747612 , 747703 , 747896 , 
