milestone, 1, 2, 3, 5, 10, 20, 30, 40, 50, 60, 70, 80, 90, 100
180319 , 181617 , 183538 , 184730 , 186232 , 187981 , 190520 , 198638 , 199385 , 209258 , 215459 , 217203 , 219356 , 219356 , 
64408.9 , 68052.1 , 68854.4 , 70318.7 , 74991.4 , 87323.5 , 88884.9 , 90199 , 91900.3 , 91900.3 , 91900.3 , 91900.3 , 91900.3 , 91900.3 , 
178164 , 180563 , 181211 , 182228 , 184576 , 188292 , 189073 , 191849 , 193670 , 204594 , 214020 , 215228 , 217680 , 217680 , 
217662 , 219575 , 219621 , 220186 , 222468 , 238102 , 240632 , 242652 , 242689 , 242728 , 242643 , 243675 , 244602 , 244602 , 
223937 , 223964 , 224262 , 225905 , 226924 , 245468 , 246147 , 248353 , 248858 , 248823 , 248822 , 249771 , 251217 , 251217 , 
52532.6 , 57200.1 , 59542 , 62023.5 , 68460.5 , 73019.7 , 75188.8 , 80379.7 , 84933.1 , 84933.1 , 84933.1 , 84933.1 , 84933.1 , 84933.1 , 
9119.5 , 9602.5 , 9802.1 , 10001.3 , 10014.4 , 12115.7 , 12500.4 , 15179.7 , 15728.1 , 16062.2 , 16307.3 , 16307.3 , 16307.3 , 16307.3 , 
43328.8 , 48716.2 , 50685.2 , 52550.5 , 55246 , 66530.5 , 68346.1 , 69726.8 , 70696 , 70696 , 71394.2 , 71394.2 , 71394.2 , 71394.2 , 
228227 , 229995 , 230462 , 230685 , 231564 , 241856 , 242508 , 242518 , 242539 , 243428 , 245622 , 245550 , 250938 , 250938 , 
18433.1 , 19386.3 , 19938.9 , 20296.5 , 21759.6 , 25764.9 , 26269.5 , 27186.9 , 28462.2 , 28650.5 , 29187.1 , 29187.1 , 29232.1 , 29232.1 , 
13946.5 , 15599.4 , 15882.2 , 16303.3 , 16994.1 , 19894.3 , 20244.3 , 21219.3 , 21915.6 , 21915.6 , 21915.6 , 21915.6 , 21915.6 , 21915.6 , 
52519.3 , 53397.8 , 53720.1 , 54013 , 54692 , 57296.4 , 57727.6 , 58493.3 , 58789.1 , 58751.6 , 59544.3 , 60011.1 , 61028.4 , 61028.4 , 
2849 , 3188.5 , 3298 , 3456.6 , 3570 , 3813.1 , 4092.5 , 4637.8 , 4779.2 , 4782.3 , 4901.9 , 4901.9 , 4901.9 , 4901.9 , 
46426.4 , 47126.2 , 47284.9 , 47586.2 , 48212.8 , 47838.7 , 48189.2 , 51671.3 , 52138.8 , 53458.9 , 54050.7 , 54696.4 , 55777.3 , 55837.1 , 
60349.1 , 60340.4 , 60426.6 , 60573.3 , 60763.4 , 64655.1 , 64726.4 , 64726.4 , 64726.4 , 64726.4 , 64726.4 , 64726.4 , 64726.4 , 64726.4 , 
29896.4 , 30613.4 , 31246.5 , 32229.7 , 33161.2 , 36339.5 , 36528.9 , 37996.3 , 39330.8 , 39443.5 , 40102.9 , 40102.9 , 40102.9 , 40102.9 , 
11245.8 , 11745.3 , 12102.1 , 12873.4 , 13362.3 , 14001.3 , 14999.5 , 15427 , 15766.2 , 15766.2 , 15831.9 , 15831.9 , 15831.9 , 15831.9 , 
15413.8 , 16072.9 , 16820.9 , 17763.5 , 18610.1 , 21720.5 , 22181.8 , 23216.4 , 23317.7 , 23317.7 , 23317.7 , 23317.7 , 23317.7 , 23317.7 , 
29204.3 , 30013 , 30459.9 , 30911.4 , 32075.3 , 34080.8 , 34803.7 , 37996.5 , 39287.5 , 39389.8 , 39408.3 , 39408.3 , 39408.3 , 39408.3 , 
80578.4 , 80942.4 , 82367.9 , 82789.7 , 83777.2 , 83289.5 , 84124.4 , 89982.9 , 91690.7 , 93826.7 , 95595.3 , 96008.4 , 98433.8 , 98433.8 , 
71922.8 , 73142.3 , 75176.9 , 75907.8 , 77668.2 , 81920 , 82875.8 , 89419.2 , 91930.8 , 94232.6 , 95641.9 , 95641.9 , 95641.9 , 95641.9 , 
98169 , 98820 , 99388.8 , 100548 , 101434 , 105956 , 106582 , 109168 , 110438 , 111092 , 113446 , 113579 , 114354 , 114354 , 
25472 , 28495.1 , 28810.1 , 29595.4 , 31427.5 , 32638.8 , 34627.2 , 37302.9 , 39894.5 , 39894.5 , 39894.5 , 39894.5 , 39894.5 , 39894.5 , 
100232 , 101225 , 101437 , 101961 , 102598 , 106069 , 106774 , 107996 , 108361 , 110047 , 110689 , 112464 , 114416 , 114571 , 
41430.6 , 44611.8 , 45178.6 , 46957.8 , 50057.9 , 56679.5 , 57297.7 , 60659.4 , 63022.2 , 63022.2 , 64134.6 , 64134.6 , 64342.1 , 64342.1 , 
11868.1 , 12859.4 , 12961.8 , 13709 , 14667.1 , 17948.4 , 18819.2 , 18819.2 , 18819.2 , 18819.2 , 18819.2 , 18819.2 , 18819.2 , 18819.2 , 
40291 , 42926.4 , 43690.4 , 45130.8 , 47765.8 , 52166 , 52632.6 , 56185.1 , 58055.4 , 58756.2 , 58961 , 58961 , 58961 , 58961 , 
42854.9 , 44902.6 , 45231.1 , 47001.9 , 49566 , 57042.9 , 59981.6 , 60630.3 , 61277 , 61277 , 61277 , 61277 , 61277 , 61277 , 
55880.7 , 59035 , 58971.4 , 60389.2 , 61479 , 68634.6 , 71562.4 , 74474.7 , 75110.8 , 75110.8 , 75475.6 , 75475.6 , 76466.8 , 76466.8 , 
132791 , 134772 , 135443 , 136894 , 138534 , 139610 , 141201 , 150943 , 152621 , 159018 , 160986 , 160986 , 160986 , 160986 , 
187984 , 188344 , 188522 , 188544 , 188664 , 192165 , 192165 , 192165 , 192165 , 192165 , 192165 , 192165 , 192165 , 192165 , 
78695.6 , 83462.4 , 84666.9 , 85687 , 89081.1 , 103211 , 105325 , 106521 , 106521 , 106521 , 106579 , 106579 , 107439 , 107439 , 
47314.6 , 49469.5 , 50711.5 , 52699.2 , 54243.5 , 65402.3 , 65451.3 , 66566.5 , 66759.2 , 66759.2 , 68195.8 , 68195.8 , 68721.5 , 68721.5 , 
62471.3 , 63668.8 , 63978.4 , 65314.8 , 66470.9 , 80908.2 , 81486.6 , 85317.6 , 87022 , 87022 , 87022 , 87022 , 87022 , 87022 , 
18211.5 , 20794.8 , 22088.7 , 23497.1 , 25707.3 , 30177.3 , 31967.5 , 33585.5 , 33746.2 , 33746.2 , 33746.2 , 33746.2 , 33746.2 , 33746.2 , 
132868 , 135223 , 136181 , 138770 , 140208 , 140005 , 141504 , 154946 , 156954 , 156908 , 156990 , 156964 , 160934 , 160934 , 
96130 , 98802.5 , 100346 , 102250 , 104151 , 110323 , 111693 , 124171 , 127027 , 128225 , 128658 , 128658 , 128658 , 128658 , 
12484.1 , 15054.1 , 15590.4 , 16538.1 , 17818.1 , 20061.6 , 21351 , 23464.1 , 25324.7 , 25324.7 , 25324.7 , 25324.7 , 25324.7 , 25324.7 , 
87765.7 , 91672.8 , 91904 , 94303 , 96879.7 , 109201 , 113621 , 119716 , 120311 , 120311 , 120705 , 120705 , 120705 , 120705 , 
270446 , 292857 , 301417 , 317237 , 331476 , 349916 , 353290 , 354422 , 360811 , 369396 , 382150 , 382262 , 382858 , 382875 , 
918636 , 920862 , 922134 , 926873 , 930381 , 953819 , 956745 , 965132 , 972199 , 972128 , 973291 , 976246 , 979013 , 979049 , 
214136 , 231087 , 237730 , 243262 , 258661 , 264086 , 272153 , 278441 , 286087 , 288766 , 293526 , 298193 , 310886 , 310806 , 
17911.5 , 24688.5 , 25651.2 , 27046.9 , 27435.7 , 29420.6 , 29727.8 , 33456.6 , 36134.6 , 36523.1 , 37134.6 , 37134.6 , 37134.6 , 37134.6 , 
65182.9 , 75147 , 75488 , 81558.7 , 90218.6 , 92373.5 , 94639.8 , 97037.9 , 102610 , 103670 , 106476 , 106476 , 107953 , 107953 , 
721616 , 734876 , 738313 , 744332 , 749452 , 751397 , 758009 , 800707 , 800645 , 817959 , 834298 , 834298 , 834298 , 834298 , 
28270.8 , 34019.6 , 34908.2 , 37735 , 39111.8 , 40146.5 , 41117.8 , 43639.3 , 45858.7 , 46300.8 , 46759.2 , 46759.2 , 46864.3 , 46864.3 , 
605455 , 617691 , 622700 , 636976 , 646295 , 652131 , 662875 , 702781 , 719688 , 724252 , 736198 , 736198 , 739644 , 739644 , 
716647 , 728118 , 737325 , 746424 , 752617 , 753421 , 762489 , 777208 , 782853 , 791101 , 810358 , 814113 , 828737 , 828737 , 
552292 , 573912 , 576592 , 585085 , 591814 , 611505 , 618860 , 629266 , 647971 , 659581 , 672391 , 672391 , 676527 , 676527 , 
31323.4 , 33534.1 , 33974.9 , 36367.6 , 39707.9 , 40203.4 , 42038.5 , 43475.1 , 44468 , 44709.3 , 46506 , 46506 , 47602.5 , 47721.1 , 
185140 , 189462 , 190635 , 192179 , 193743 , 193219 , 195259 , 199509 , 202743 , 207226 , 208308 , 208344 , 209276 , 209276 , 
231926 , 233198 , 233564 , 234154 , 235731 , 241854 , 242276 , 246784 , 246915 , 246949 , 246998 , 246829 , 248099 , 248150 , 
209271 , 210932 , 211941 , 213330 , 214420 , 215438 , 216968 , 218064 , 219341 , 223780 , 226440 , 226956 , 228374 , 228608 , 
164672 , 169185 , 171089 , 172496 , 174874 , 175372 , 177347 , 184033 , 187668 , 189527 , 190814 , 191201 , 193368 , 193300 , 
52777.8 , 58661.6 , 62128.5 , 63781.3 , 66039.5 , 67740.5 , 69915.6 , 74276.2 , 79198.4 , 79518 , 81169.1 , 81169.1 , 81169.1 , 81169.1 , 
38037.8 , 38742.3 , 40781.6 , 44298 , 47729 , 49372.8 , 50687.1 , 52085.9 , 53373.6 , 54036 , 57209.1 , 57137.7 , 56906.9 , 57079.8 , 
118350 , 124446 , 125970 , 129763 , 132626 , 141147 , 144545 , 147573 , 148236 , 148589 , 148592 , 148911 , 150187 , 150187 , 
32710.6 , 35705 , 37003.2 , 39629 , 42290.6 , 43151.7 , 44660.4 , 45726.4 , 48284.2 , 48799.1 , 49349.1 , 49349.1 , 49349.1 , 49349.1 , 
231637 , 238366 , 242637 , 246744 , 255492 , 271153 , 276806 , 281828 , 285757 , 287158 , 292003 , 292003 , 292003 , 292003 , 
326917 , 334058 , 336919 , 339812 , 345113 , 343556 , 349225 , 361992 , 362268 , 373784 , 380500 , 382859 , 387819 , 387819 , 
154865 , 163864 , 170694 , 177109 , 185156 , 200320 , 206745 , 206769 , 208874 , 208874 , 209989 , 209989 , 209989 , 209989 , 
164997 , 174214 , 178548 , 184738 , 198107 , 200427 , 205801 , 212184 , 221953 , 224062 , 230211 , 230211 , 230211 , 230211 , 
164163 , 173166 , 175839 , 181253 , 192845 , 207161 , 211761 , 215065 , 219706 , 221856 , 232365 , 232365 , 232365 , 232365 , 
472363 , 473304 , 473834 , 474766 , 475882 , 490006 , 491310 , 492219 , 492845 , 492692 , 492796 , 495640 , 497708 , 497767 , 
407100 , 411152 , 411731 , 412480 , 415800 , 419544 , 421353 , 426929 , 429908 , 435524 , 438172 , 442499 , 443673 , 443309 , 
164054 , 172758 , 177558 , 183658 , 190601 , 201181 , 207514 , 215378 , 217815 , 226756 , 236155 , 237628 , 242857 , 242857 , 
264798 , 270486 , 273911 , 275615 , 286498 , 300000 , 303615 , 316291 , 324217 , 324217 , 324217 , 324217 , 327085 , 327085 , 
66624 , 75469.6 , 76277.2 , 79457.3 , 85576 , 87583 , 89703.1 , 92540.4 , 97453.2 , 98676.8 , 102614 , 102568 , 104131 , 104131 , 
94355.8 , 103409 , 105638 , 112831 , 116900 , 119162 , 123651 , 131460 , 135027 , 136036 , 141197 , 141459 , 147506 , 147506 , 
362734 , 379568 , 382926 , 389167 , 403474 , 423245 , 427434 , 442876 , 452273 , 453020 , 456199 , 458066 , 462923 , 462923 , 
212925 , 218054 , 227971 , 231639 , 239419 , 247926 , 254644 , 266276 , 272528 , 274055 , 276923 , 276923 , 276923 , 276923 , 
36569.3 , 43312 , 45835.9 , 51080.6 , 54369.2 , 57139.2 , 59310.1 , 63290.8 , 65571.3 , 65554.7 , 66231 , 66652.4 , 68515.8 , 68468.5 , 
72908.2 , 82360.8 , 88888 , 96273.2 , 101922 , 112088 , 117701 , 117955 , 119476 , 119799 , 120394 , 120394 , 121279 , 121279 , 
88926.9 , 95207.6 , 100695 , 105660 , 113014 , 118228 , 121680 , 131467 , 135474 , 135474 , 140117 , 140117 , 140117 , 140232 , 
163224 , 171010 , 177122 , 187072 , 194636 , 205999 , 213769 , 217005 , 219271 , 220790 , 227773 , 227841 , 240651 , 240651 , 
185749 , 210101 , 212795 , 221269 , 230699 , 242957 , 245448 , 254205 , 260641 , 260766 , 265165 , 265165 , 265373 , 265373 , 
540916 , 555780 , 559687 , 565261 , 574659 , 574507 , 579763 , 585335 , 588052 , 602078 , 607862 , 616404 , 639223 , 639342 , 
450040 , 459864 , 463810 , 470486 , 478914 , 489154 , 493475 , 511352 , 524149 , 534436 , 547808 , 553823 , 560076 , 560076 , 
318055 , 327418 , 328747 , 333269 , 338153 , 344741 , 350531 , 358293 , 360770 , 364939 , 376762 , 376762 , 381349 , 381349 , 
15172.5 , 17310.9 , 21176.5 , 22389.4 , 24202.4 , 23625 , 25839.3 , 26980.8 , 28096.8 , 28464.2 , 28890.1 , 28893.5 , 28963.3 , 28963.3 , 
208790 , 220037 , 227519 , 233326 , 237744 , 245875 , 247519 , 259602 , 265634 , 267191 , 275003 , 275121 , 279834 , 279834 , 
394546 , 399056 , 403041 , 409340 , 413141 , 412958 , 415535 , 424720 , 427776 , 438417 , 441421 , 443732 , 452855 , 452855 , 
9847 , 12050.6 , 11882.3 , 12755 , 13651.8 , 13520.5 , 14240.5 , 15203.5 , 15871.5 , 16179.8 , 17081.3 , 17081.3 , 17120.5 , 17184.6 , 
197831 , 204642 , 208450 , 214746 , 226880 , 230484 , 237230 , 241528 , 247166 , 250337 , 252723 , 252863 , 259640 , 259640 , 
452396 , 458097 , 460936 , 462545 , 465081 , 465660 , 469707 , 470874 , 473748 , 476022 , 477862 , 481467 , 488931 , 489630 , 
7119.1 , 8478.5 , 8559 , 8622 , 8927 , 8675.4 , 9080.6 , 9668.8 , 10161.7 , 10266.5 , 10286.6 , 10297.5 , 10452.1 , 10452.1 , 
166392 , 177789 , 186294 , 191875 , 199188 , 204563 , 213056 , 218138 , 221266 , 223570 , 225249 , 226748 , 232922 , 232922 , 
950056 , 957495 , 960911 , 968878 , 971262 , 970223 , 973507 , 986442 , 988318 , 1.0002e+06 , 1.0043e+06 , 1.01413e+06 , 1.02541e+06 , 1.02549e+06 , 
355997 , 372020 , 387406 , 397075 , 412889 , 430168 , 432522 , 441253 , 446438 , 451146 , 468491 , 469939 , 479661 , 479661 , 
55527.5 , 70665.7 , 76778.2 , 81408.1 , 85388.4 , 86114.1 , 90516 , 92234.8 , 96484.1 , 97442.9 , 99106.2 , 99523 , 99299.2 , 99144.4 , 
782143 , 795810 , 806213 , 816811 , 831248 , 828232 , 831333 , 846158 , 853093 , 865600 , 878376 , 878445 , 893949 , 893949 , 
173682 , 205036 , 206368 , 224778 , 238060 , 241822 , 256921 , 261587 , 267334 , 270915 , 282911 , 285405 , 287125 , 288056 , 
592445 , 624678 , 637279 , 639941 , 653292 , 669272 , 675300 , 697154 , 707311 , 719793 , 733274 , 734762 , 739977 , 739977 , 
611450 , 625623 , 633867 , 643105 , 659165 , 670618 , 679801 , 698438 , 717034 , 723561 , 728382 , 729848 , 739528 , 739528 , 
26659.4 , 31064.8 , 33835 , 37742.2 , 40098.4 , 39851.4 , 42277.5 , 44694.8 , 46199.2 , 46632.9 , 47688 , 47798.6 , 48378.6 , 48279.7 , 
645888 , 664396 , 669548 , 682824 , 690233 , 728506 , 732491 , 744606 , 755473 , 767470 , 773307 , 774187 , 780437 , 780437 , 
643130 , 665284 , 670404 , 676563 , 690561 , 712882 , 717135 , 729468 , 731855 , 745641 , 751334 , 751334 , 757311 , 757311 , 
