milestone, 1, 2, 3, 5, 10, 20, 30, 40, 50, 60, 70, 80, 90, 100
179730 , 181665 , 182262 , 183161 , 186656 , 194606 , 195662 , 201048 , 204125 , 208782 , 210194 , 210157 , 210192 , 210230 , 
63138.1 , 65905.8 , 68253.2 , 69413.7 , 72191.4 , 81282.7 , 82442 , 86533.3 , 90006.2 , 90971.6 , 91614.4 , 91614.4 , 92574.2 , 92574.2 , 
178960 , 180748 , 181265 , 181602 , 184314 , 189705 , 190530 , 199369 , 201517 , 206297 , 207461 , 209312 , 212063 , 212063 , 
218039 , 220104 , 220187 , 220424 , 221430 , 236244 , 236238 , 240436 , 241366 , 241366 , 241366 , 241366 , 241366 , 241366 , 
223193 , 224370 , 224614 , 225476 , 226511 , 242218 , 243368 , 244805 , 244899 , 244863 , 244853 , 244824 , 244811 , 244844 , 
54298.9 , 57867.1 , 60713.6 , 62135.7 , 64725.2 , 73788.1 , 75065.9 , 77215.4 , 80487.8 , 81452.2 , 81497 , 81497 , 81497 , 81497 , 
8354.9 , 9774.7 , 9988.3 , 10086.3 , 10062 , 11354 , 11457.4 , 12453.1 , 12527.2 , 13182.1 , 14257.3 , 14261.8 , 14258.7 , 14254.2 , 
46161.7 , 48594.6 , 49274.2 , 51985 , 53584.6 , 63016.7 , 63630.8 , 67794.5 , 69576.5 , 69576.5 , 69576.5 , 69576.5 , 69576.5 , 69576.5 , 
228817 , 229731 , 230238 , 230944 , 231163 , 249920 , 250009 , 250524 , 250590 , 250590 , 250590 , 250590 , 250590 , 250590 , 
18834.9 , 20134 , 20199.9 , 20601.6 , 21267 , 24567.8 , 24911.7 , 27530.6 , 27695.1 , 27695.1 , 28116.2 , 28116.2 , 28116.2 , 28116.2 , 
13874.5 , 15621.6 , 15960 , 16302.6 , 16594 , 18293.6 , 19060.1 , 20402.2 , 20714.5 , 20891.9 , 21116.9 , 21116.9 , 21116.9 , 21116.9 , 
52754.5 , 53233.3 , 53424.9 , 53514.7 , 54230.9 , 57444.6 , 57942.4 , 58250.8 , 58416.7 , 58441.1 , 58459.2 , 59142 , 60293.6 , 60293.6 , 
2914.4 , 3219.6 , 3381.8 , 3491.1 , 3427.5 , 3817.3 , 4105 , 4411.1 , 4559.6 , 4559.6 , 4787.1 , 4787.1 , 4787.1 , 4787.1 , 
46181.9 , 46695.2 , 46856.6 , 46973.8 , 47627.5 , 48408.5 , 49312.3 , 50881.6 , 51761.7 , 52866.5 , 53591.8 , 53748.4 , 54601.5 , 54613.6 , 
60301.9 , 60381.3 , 60436.4 , 60514.4 , 60672.4 , 64174.3 , 64245.4 , 64346 , 64346 , 64346 , 64346 , 64346 , 64346 , 64346 , 
30377.5 , 30936.2 , 31117.3 , 31682 , 32665.4 , 34970.4 , 35867.2 , 38895.7 , 39481.7 , 39589.1 , 40016.3 , 40055.8 , 40544.5 , 40544.5 , 
10559.4 , 11910.3 , 12110.1 , 12444.4 , 12989.3 , 14578.6 , 14979.7 , 15583 , 16350.2 , 16410.2 , 16497.8 , 16497.8 , 16664.4 , 16664.4 , 
15321.2 , 16246 , 16760.6 , 17601.5 , 18213.6 , 21070.1 , 21484.6 , 22103.3 , 22566.8 , 22566.8 , 22692.4 , 22692.4 , 22811.7 , 22811.7 , 
29006.8 , 29918 , 30426.2 , 31000.7 , 31745.1 , 34096.5 , 34847.9 , 36544.1 , 37239.6 , 37745.3 , 38883.4 , 38883.4 , 38883.4 , 38883.4 , 
79135.2 , 79731.5 , 80963.3 , 81922.7 , 83491.6 , 82087.2 , 84018.7 , 94286.7 , 96033.3 , 97699.7 , 98197.6 , 98197.6 , 100384 , 100384 , 
71860.9 , 72559.2 , 75119.4 , 76418.7 , 77951.9 , 81855.4 , 82725 , 88548.9 , 90957.4 , 91498.8 , 92926.6 , 92926.6 , 93502.7 , 93502.7 , 
98422.9 , 99001 , 99469.4 , 100597 , 101758 , 103486 , 104237 , 112720 , 113778 , 113829 , 115084 , 114989 , 116089 , 116089 , 
25144.9 , 26905.2 , 27854.5 , 29454.4 , 30768.3 , 33686.6 , 34744.4 , 36345 , 37907.6 , 38471.3 , 38668.3 , 38668.3 , 38712.8 , 38712.8 , 
100118 , 100673 , 100928 , 101665 , 102046 , 105184 , 106630 , 109431 , 109875 , 110773 , 111025 , 113241 , 114312 , 114391 , 
43221.2 , 44876.4 , 46546.9 , 48003.5 , 48884.5 , 53913.9 , 54339.9 , 58191.5 , 60576.6 , 61850.9 , 64419.3 , 64419.3 , 64419.3 , 64419.3 , 
11938.4 , 12820 , 12981.2 , 14005.4 , 14716.6 , 16453.3 , 17620 , 17863 , 18391.4 , 18391.4 , 18391.4 , 18391.4 , 18391.4 , 18391.4 , 
39135.1 , 41735.9 , 43152.3 , 45541.2 , 46009.8 , 51422.6 , 52676.5 , 55322.3 , 57094.1 , 57264 , 59530.1 , 59530.1 , 59530.1 , 59530.1 , 
43734.5 , 45097.6 , 45565.6 , 46953 , 47809.4 , 54770.1 , 55554.1 , 56812.8 , 57624.9 , 57624.9 , 58278.5 , 58278.5 , 58278.5 , 58278.5 , 
56402.4 , 58932.7 , 58915.7 , 60722.1 , 62661.2 , 67470.6 , 67819.9 , 74267 , 76669.4 , 77218.6 , 77527.8 , 77527.8 , 79424.4 , 79424.4 , 
133766 , 134803 , 134957 , 136506 , 137863 , 142858 , 144435 , 151463 , 152049 , 157010 , 157200 , 157055 , 157062 , 157138 , 
187943 , 188344 , 188521 , 188464 , 188524 , 192165 , 192165 , 192165 , 192165 , 192165 , 192165 , 192165 , 192165 , 192165 , 
79747.7 , 83146.5 , 84462.1 , 84309.6 , 87964.9 , 98403.6 , 99255.2 , 101375 , 103092 , 103092 , 103092 , 103092 , 103092 , 103092 , 
46461.1 , 48034.5 , 48454.5 , 51394 , 52988.7 , 61520.3 , 63410.6 , 66777.5 , 68153.3 , 68427 , 68630 , 68630 , 68630 , 68630 , 
59943.1 , 63694 , 63847.7 , 64760.6 , 66072.7 , 73071.5 , 75475.2 , 77206.6 , 81695.6 , 81695.6 , 81695.6 , 81695.6 , 82958.5 , 82958.5 , 
18970.1 , 21228.8 , 22391.6 , 23493.9 , 24976.8 , 27893.3 , 29464.8 , 31108.2 , 33091.6 , 33091.6 , 33421.2 , 33421.2 , 33421.2 , 33421.2 , 
131353 , 134308 , 135012 , 137447 , 138768 , 144243 , 146116 , 152792 , 152815 , 152927 , 154529 , 154466 , 158007 , 158007 , 
96599.6 , 99090.8 , 100474 , 102535 , 104850 , 112224 , 114370 , 121651 , 122420 , 122420 , 122420 , 122420 , 122792 , 122792 , 
12220.9 , 14844.1 , 15689.8 , 16375.7 , 17476.7 , 20007.1 , 21879.7 , 22572 , 22990.3 , 22990.3 , 23013.5 , 23013.5 , 23013.5 , 23013.5 , 
87661.4 , 91294.7 , 93252 , 93858.9 , 96130.4 , 107563 , 109009 , 113641 , 115410 , 115941 , 117469 , 117469 , 117469 , 117469 , 
264722 , 285201 , 286488 , 308676 , 320415 , 329358 , 337888 , 345883 , 352539 , 357473 , 364865 , 364865 , 373475 , 373475 , 
920912 , 921993 , 922796 , 924100 , 927840 , 955846 , 958068 , 961915 , 962924 , 963796 , 964044 , 965893 , 968777 , 968850 , 
214823 , 223198 , 227178 , 231066 , 247371 , 250290 , 263315 , 268067 , 270834 , 275262 , 284531 , 284495 , 292949 , 292969 , 
16896.4 , 21352.4 , 22909.5 , 24974.9 , 26988 , 29214 , 30520.3 , 31652.9 , 33298.1 , 33696.1 , 34131.3 , 34131.3 , 34131.3 , 34131.3 , 
65579 , 67447.2 , 71322 , 76792.4 , 84322.3 , 86291.4 , 91131.3 , 93917.3 , 96679.2 , 97905.7 , 104729 , 104975 , 105053 , 105174 , 
717521 , 734676 , 740197 , 745166 , 750256 , 760617 , 762551 , 782163 , 789786 , 809187 , 815702 , 818190 , 826390 , 826390 , 
28652.4 , 32660.3 , 33420.4 , 35614.8 , 37661.4 , 38557 , 39879.9 , 43958.2 , 47018.3 , 47022 , 48716.6 , 48716.6 , 48716.6 , 48716.6 , 
611361 , 620608 , 624833 , 632926 , 645909 , 661914 , 670264 , 674849 , 683809 , 692486 , 700158 , 708161 , 715871 , 715871 , 
701837 , 729661 , 730584 , 739174 , 747646 , 747328 , 757818 , 783885 , 790434 , 802648 , 816272 , 819498 , 824086 , 824086 , 
538121 , 555596 , 566281 , 579043 , 587005 , 609400 , 613125 , 631364 , 646809 , 649004 , 658734 , 658734 , 671979 , 671979 , 
28769.8 , 31909.1 , 34386.1 , 35155.4 , 38655.8 , 39316.1 , 40216.8 , 42034.2 , 43499.1 , 43916.8 , 46106.7 , 46106.7 , 47894.4 , 47894.4 , 
187098 , 189000 , 190678 , 192150 , 193581 , 193086 , 194320 , 199897 , 200238 , 204344 , 207552 , 208830 , 208830 , 208830 , 
232392 , 233192 , 234055 , 234604 , 236080 , 239922 , 240934 , 244193 , 245133 , 245230 , 246841 , 246841 , 246841 , 246841 , 
209044 , 209744 , 210389 , 211649 , 212719 , 215830 , 217802 , 224161 , 225118 , 226093 , 227851 , 228893 , 231490 , 231490 , 
166225 , 170848 , 171376 , 173385 , 174707 , 174970 , 177228 , 183131 , 186447 , 188445 , 190148 , 192032 , 194688 , 194688 , 
53688.7 , 58643.7 , 60916.6 , 61983.4 , 65686.5 , 69623.9 , 70470.8 , 72401.4 , 74295.1 , 77248.2 , 79656.2 , 79656.2 , 81748.2 , 81748.2 , 
37620.4 , 39654.1 , 41675.3 , 43373.7 , 45412.9 , 46616.5 , 50187.2 , 51322.2 , 53947.1 , 54026.1 , 54841.6 , 55286.5 , 55440.8 , 55446.7 , 
118856 , 123610 , 126367 , 128936 , 131652 , 136062 , 139616 , 140067 , 143844 , 145569 , 147872 , 148894 , 149942 , 149942 , 
32177 , 36800.2 , 37084.8 , 38927.9 , 40496.2 , 41220.1 , 43099.5 , 44200.9 , 45942.4 , 46637.1 , 48417.9 , 48605.6 , 48815.5 , 49229.4 , 
230123 , 240626 , 241466 , 249575 , 254346 , 267201 , 270896 , 282176 , 287267 , 288745 , 295202 , 295202 , 295202 , 295202 , 
326241 , 335113 , 335143 , 338620 , 344810 , 347641 , 349444 , 358010 , 367169 , 369681 , 378535 , 378535 , 378949 , 378949 , 
156841 , 163284 , 167268 , 176083 , 183135 , 190727 , 194173 , 199344 , 202209 , 202794 , 210733 , 210733 , 216593 , 216593 , 
163599 , 172300 , 180036 , 184350 , 190703 , 200181 , 203540 , 210270 , 220917 , 223734 , 223938 , 224339 , 224420 , 224420 , 
160570 , 170419 , 177230 , 180694 , 188555 , 194476 , 200245 , 208080 , 209537 , 213637 , 223366 , 223656 , 228416 , 228416 , 
470662 , 473783 , 474780 , 475158 , 476045 , 491897 , 492103 , 492168 , 492569 , 494267 , 494321 , 494386 , 494454 , 494416 , 
406509 , 412089 , 413348 , 414773 , 415833 , 417437 , 419711 , 426584 , 426628 , 432554 , 433599 , 436551 , 442564 , 443152 , 
161626 , 174506 , 177525 , 182793 , 188137 , 195889 , 201991 , 208237 , 214684 , 215773 , 218418 , 220101 , 226246 , 226246 , 
266661 , 271315 , 274930 , 280755 , 287040 , 291547 , 296246 , 312382 , 316640 , 317107 , 325250 , 326736 , 336397 , 336397 , 
60320.2 , 68615.7 , 72876.3 , 75465.1 , 80815.6 , 83907.6 , 88639.6 , 92139.9 , 94918.5 , 96129.4 , 101129 , 101354 , 103748 , 103892 , 
92538.4 , 105527 , 106949 , 107922 , 113126 , 114627 , 118877 , 126575 , 131988 , 132691 , 136752 , 137622 , 137891 , 137825 , 
365252 , 378612 , 385758 , 393851 , 399304 , 416193 , 420644 , 430869 , 439214 , 447047 , 449494 , 449872 , 454784 , 454784 , 
210163 , 217118 , 223304 , 228074 , 236902 , 244061 , 252310 , 256229 , 265312 , 266655 , 275810 , 275944 , 277223 , 277223 , 
35342.9 , 42914.7 , 45314.2 , 48040.7 , 52782.7 , 53584.6 , 57995.1 , 58426.5 , 59193.4 , 59938.9 , 63043.6 , 63833.2 , 65277.6 , 65266.8 , 
76374.9 , 84109.3 , 90110.9 , 92859.7 , 98973.3 , 104159 , 108941 , 110988 , 119074 , 120979 , 121184 , 121184 , 121633 , 121633 , 
88499.5 , 99064.5 , 101444 , 106594 , 110043 , 114100 , 117650 , 121450 , 126686 , 127226 , 133091 , 133115 , 134873 , 134943 , 
159483 , 168204 , 173625 , 182986 , 195968 , 203676 , 209248 , 213177 , 217051 , 221436 , 229440 , 230008 , 232042 , 232042 , 
186043 , 198501 , 201370 , 213024 , 230863 , 234726 , 242917 , 247679 , 254554 , 254649 , 261933 , 262374 , 270332 , 270332 , 
537825 , 551537 , 561357 , 567073 , 569562 , 569343 , 576026 , 588369 , 590146 , 603230 , 608139 , 616913 , 625603 , 625603 , 
441206 , 453276 , 460610 , 464444 , 476459 , 478079 , 484627 , 507018 , 511908 , 513266 , 535533 , 535533 , 542612 , 542612 , 
321294 , 328155 , 329470 , 331883 , 335042 , 345053 , 348610 , 359533 , 366096 , 369876 , 374622 , 374622 , 382110 , 382110 , 
14829.9 , 19484.6 , 21599.8 , 22290.3 , 24696.7 , 24334.5 , 25871.7 , 25763.7 , 26696.9 , 27330.2 , 27686.8 , 27849.8 , 29612.7 , 29559.1 , 
203998 , 225263 , 227599 , 232521 , 239248 , 242446 , 245711 , 249806 , 253807 , 256328 , 261926 , 262006 , 264608 , 264671 , 
394199 , 396985 , 401514 , 406815 , 411124 , 411695 , 414738 , 426903 , 429004 , 432984 , 441530 , 442192 , 445935 , 445935 , 
9916 , 11184.1 , 11445.2 , 12793.8 , 13614.8 , 13619.5 , 14210.1 , 14793.3 , 15140 , 15743 , 16672.9 , 16702.5 , 17563.2 , 17563.2 , 
196542 , 208226 , 213529 , 213857 , 218713 , 223540 , 227641 , 233504 , 240198 , 240853 , 253831 , 254008 , 256144 , 256144 , 
454359 , 458379 , 459193 , 460763 , 466212 , 465894 , 468625 , 478519 , 478867 , 481342 , 481190 , 482765 , 486645 , 487274 , 
7126.7 , 8231.1 , 8334.1 , 8572.1 , 8948.4 , 8710 , 9069.5 , 9360.5 , 9611.5 , 9920.5 , 10146.7 , 10152.1 , 10304.6 , 10304.6 , 
176514 , 185252 , 186524 , 190505 , 196683 , 198851 , 207199 , 213794 , 217009 , 224738 , 229046 , 228917 , 232984 , 233056 , 
945398 , 955077 , 958456 , 962374 , 967329 , 975450 , 978308 , 989443 , 992499 , 1.00127e+06 , 1.00386e+06 , 1.01286e+06 , 1.01944e+06 , 1.02036e+06 , 
359726 , 373796 , 380841 , 390542 , 416320 , 420826 , 430228 , 434505 , 444095 , 456008 , 465697 , 470459 , 476856 , 477317 , 
55501.7 , 64627.6 , 67353.8 , 73874.7 , 80826 , 82187.7 , 88837.5 , 91876.4 , 93908.8 , 94106.8 , 96071.6 , 97690.7 , 100496 , 100908 , 
780186 , 798773 , 799801 , 810467 , 819446 , 818787 , 826996 , 855893 , 855979 , 862298 , 877935 , 881182 , 889651 , 890256 , 
176869 , 195970 , 204300 , 212655 , 227692 , 233009 , 243119 , 248926 , 254140 , 260912 , 266845 , 271311 , 287106 , 287106 , 
601895 , 615584 , 623841 , 639125 , 652793 , 659278 , 666132 , 690106 , 695816 , 705286 , 713901 , 716985 , 726061 , 726061 , 
606355 , 627770 , 634693 , 648614 , 664420 , 674955 , 676424 , 693735 , 697723 , 714359 , 725051 , 725051 , 745668 , 745668 , 
26855.4 , 29897 , 32151.5 , 34687.4 , 36646.6 , 38140.6 , 39325.9 , 41610.6 , 43808.6 , 44302.7 , 45143.6 , 45143.6 , 46475.9 , 46505.8 , 
651938 , 662154 , 676585 , 679377 , 696355 , 715269 , 717880 , 729025 , 731588 , 744277 , 761588 , 761588 , 766401 , 766401 , 
646381 , 661719 , 663764 , 676743 , 683309 , 696803 , 705481 , 721397 , 726192 , 731902 , 745561 , 747244 , 749932 , 749932 , 
