milestone, 1, 2, 3, 5, 10, 20, 30, 40, 50, 60, 70, 80, 90, 100
0.254022 , 0.219778 , 0.1704 , 0.109667 , 0.0615333 , 0.0274 , 0.0406889 , 0.0248667 , 0.0118667 , 0.00964444 , 0.00853333 , 0.00853333 , 0.00853333 , 0.00853333 , 
0.355 , 0.260867 , 0.207311 , 0.111333 , 0.0654889 , 0.0520667 , 0.0195778 , 0.0211556 , 0.013 , 0.00666667 , 0.00606667 , 0.00508889 , 0.00433333 , 0.00433333 , 
0.257044 , 0.1952 , 0.1676 , 0.129111 , 0.0615778 , 0.0341333 , 0.0450444 , 0.0221556 , 0.00415556 , 0.00415556 , 0.00415556 , 0.00415556 , 0.00415556 , 0.00415556 , 
0.1426 , 0.120978 , 0.108089 , 0.0879778 , 0.0560444 , 0.0189778 , 0.0272 , 0.00537778 , 0.0016 , 0.0016 , 0.0024 , 0.0008 , 0.0008 , 0.0008 , 
0.134733 , 0.106178 , 0.0796889 , 0.0577556 , 0.0300444 , 0.0159111 , 0.0200889 , 0.00535556 , 0.00466667 , 0.00395556 , 0.00395556 , 0.00395556 , 0.00395556 , 0.00435556 , 
0.340867 , 0.266311 , 0.232311 , 0.163756 , 0.0817111 , 0.0644222 , 0.0365556 , 0.0257333 , 0.0188667 , 0.0188444 , 0.0195111 , 0.0182667 , 0.0183333 , 0.0180222 , 
0.121089 , 0.0966222 , 0.0830889 , 0.0462444 , 0.0208667 , 0.00617778 , 0.00208889 , 0.00122222 , 0 , 0 , 0 , 0 , 0 , 0 , 
0.3398 , 0.258667 , 0.202778 , 0.132044 , 0.068 , 0.0494222 , 0.0248889 , 0.0202222 , 0.0121333 , 0.0100889 , 0.0114222 , 0.0117778 , 0.0125333 , 0.0124889 , 
0.102467 , 0.0840444 , 0.0776889 , 0.0488 , 0.0272889 , 0.0151556 , 0.0208444 , 0.0110444 , 0.00335556 , 0.0004 , 0.00417778 , 0.0038 , 0.0004 , 0.0004 , 
0.384089 , 0.302267 , 0.251578 , 0.167756 , 0.0866889 , 0.0456667 , 0.0291111 , 0.0222 , 0.0172 , 0.0148444 , 0.0145333 , 0.0141333 , 0.0145333 , 0.0145333 , 
0.339044 , 0.277756 , 0.2332 , 0.156111 , 0.0640444 , 0.0493111 , 0.0364222 , 0.0125778 , 0.0116444 , 0.0133111 , 0.0137778 , 0.0101111 , 0.00757778 , 0.00795556 , 
0.184267 , 0.151111 , 0.1346 , 0.0871111 , 0.0478889 , 0.023 , 0.0231111 , 0.0171111 , 0.0109556 , 0.00373333 , 0.000733333 , 0.000733333 , 0.000733333 , 0.000733333 , 
0.152667 , 0.129111 , 0.110711 , 0.0776222 , 0.0308667 , 0.0167556 , 0.00635556 , 0.00346667 , 0.00142222 , 0.00337778 , 0.00213333 , 0.00213333 , 0.00213333 , 0.00213333 , 
0.262867 , 0.209822 , 0.1662 , 0.122333 , 0.0572222 , 0.0318222 , 0.0362222 , 0.0101333 , 0 , 0 , 0 , 0 , 0 , 0 , 
0.0821111 , 0.0638 , 0.0552444 , 0.0433778 , 0.0268 , 0.00666667 , 0.00657778 , 0.00135556 , 0.0006 , 0.0006 , 0.0006 , 0.0006 , 0.001 , 0.001 , 
0.3764 , 0.289156 , 0.229111 , 0.147311 , 0.0721556 , 0.0147333 , 0.0122889 , 0.00504444 , 0.00248889 , 0.00248889 , 0.00248889 , 0.00248889 , 0.00248889 , 0.00248889 , 
0.286333 , 0.238667 , 0.211022 , 0.1416 , 0.0694444 , 0.0321111 , 0.0202222 , 0.00566667 , 0.00488889 , 0.00151111 , 0.00131111 , 0.00131111 , 0.00131111 , 0.00131111 , 
0.338133 , 0.271844 , 0.241444 , 0.143267 , 0.0648222 , 0.0411111 , 0.0239778 , 0.0116444 , 0.0016 , 0.0036 , 0 , 0 , 0 , 0 , 
0.376422 , 0.307022 , 0.256644 , 0.160222 , 0.0820444 , 0.0175111 , 0.0126667 , 0.00453333 , 0.00186667 , 0.00186667 , 0.00186667 , 0.00186667 , 0.00186667 , 0.00186667 , 
0.318667 , 0.236556 , 0.202444 , 0.129667 , 0.0665111 , 0.0364444 , 0.0348889 , 0.0176667 , 0.0159778 , 0.0118 , 0.00977778 , 0.0107778 , 0.00797778 , 0.00766667 , 
0.330711 , 0.253289 , 0.212533 , 0.144711 , 0.0895111 , 0.0292667 , 0.0228889 , 0.0119778 , 0.00486667 , 0.00533333 , 0.00513333 , 0.00173333 , 0.00173333 , 0.00173333 , 
0.234933 , 0.175822 , 0.139089 , 0.103244 , 0.0608 , 0.0351778 , 0.0376444 , 0.0355333 , 0.0228889 , 0.0202667 , 0.0158 , 0.0142 , 0.00993333 , 0.00842222 , 
0.3348 , 0.260244 , 0.207533 , 0.1258 , 0.0482222 , 0.0348444 , 0.0173556 , 0.0114667 , 0.00417778 , 0.00233333 , 0.00213333 , 0.00213333 , 0.00213333 , 0.00213333 , 
0.211444 , 0.177156 , 0.144489 , 0.104778 , 0.0514 , 0.022 , 0.0268889 , 0.000955556 , 0 , 0 , 0 , 0 , 0 , 0 , 
0.395933 , 0.317022 , 0.276244 , 0.2122 , 0.0616667 , 0.0358222 , 0.0176222 , 0.0100667 , 0.0114 , 0.00793333 , 0.00762222 , 0.0074 , 0.00775556 , 0.00775556 , 
0.245156 , 0.200667 , 0.158644 , 0.110356 , 0.0572444 , 0.0425111 , 0.0260444 , 0.0190889 , 0.0115556 , 0.0124 , 0.00935556 , 0.00864444 , 0.00531111 , 0.00602222 , 
0.401778 , 0.309778 , 0.241089 , 0.142222 , 0.0664 , 0.0156667 , 0.00817778 , 0.00773333 , 0.00315556 , 0.00315556 , 0.00315556 , 0.00355556 , 0.00455556 , 0.00455556 , 
0.399978 , 0.305111 , 0.248489 , 0.185867 , 0.0901333 , 0.0330889 , 0.0146222 , 0.00524444 , 0.00186667 , 0.00186667 , 0.00186667 , 0.00186667 , 0.00186667 , 0.00186667 , 
0.394778 , 0.285756 , 0.228333 , 0.143267 , 0.0849556 , 0.0113778 , 0.00768889 , 0.00166667 , 0.00151111 , 0.00151111 , 0.00151111 , 0.00151111 , 0.00151111 , 0.00151111 , 
0.261556 , 0.204756 , 0.159222 , 0.118289 , 0.0700667 , 0.0210222 , 0.0282667 , 0.00408889 , 0.0004 , 0.0004 , 0.0004 , 0.0004 , 0.0004 , 0.0004 , 
0.044 , 0.0293778 , 0.0238222 , 0.0166444 , 0.0104444 , 0.0004 , 0.0002 , 0 , 0 , 0 , 0 , 0 , 0 , 0 , 
0.400511 , 0.312556 , 0.2468 , 0.183067 , 0.0667556 , 0.0122889 , 0.0122889 , 0.0155111 , 0.0149111 , 0.0149556 , 0.0149778 , 0.0119333 , 0.00466667 , 0.00466667 , 
0.382422 , 0.291933 , 0.2248 , 0.1454 , 0.0676889 , 0.0381111 , 0.0288667 , 0.0146 , 0.00608889 , 0.00582222 , 0.00657778 , 0.00457778 , 0.00497778 , 0.00693333 , 
0.391533 , 0.298111 , 0.246889 , 0.166533 , 0.0703778 , 0.0381333 , 0.0272222 , 0.0212222 , 0.0203556 , 0.0189778 , 0.0186667 , 0.0192889 , 0.0199556 , 0.0187111 , 
0.232844 , 0.195356 , 0.162956 , 0.127156 , 0.0441111 , 0.0359333 , 0.0185778 , 0.00635556 , 0.00846667 , 0.00351111 , 0.001 , 0.00253333 , 0.001 , 0.001 , 
0.274267 , 0.222578 , 0.182378 , 0.1404 , 0.0796222 , 0.0291556 , 0.0349778 , 0.0289556 , 0.0128444 , 0.0119333 , 0.0123333 , 0.0117778 , 0.00811111 , 0.00782222 , 
0.357111 , 0.298089 , 0.237133 , 0.173733 , 0.0804889 , 0.0309556 , 0.0167778 , 0.00982222 , 0.00717778 , 0.00717778 , 0.00717778 , 0.00717778 , 0.00717778 , 0.00717778 , 
0.225178 , 0.186667 , 0.156622 , 0.118222 , 0.0556444 , 0.0364667 , 0.0201333 , 0.00544444 , 0.00153333 , 0.00153333 , 0.00153333 , 0.00153333 , 0.00153333 , 0.00153333 , 
0.388933 , 0.287822 , 0.230911 , 0.162778 , 0.0746444 , 0.0111111 , 0.0122889 , 0.00877778 , 0.002 , 0.002 , 0.002 , 0.002 , 0.002 , 0.002 , 
0.388756 , 0.294267 , 0.245467 , 0.146111 , 0.0563333 , 0.0422 , 0.0345 , 0.0426556 , 0.0294778 , 0.0187778 , 0.0198889 , 0.0215556 , 0.0224 , 0.0114889 , 
0.0923222 , 0.0749333 , 0.0622778 , 0.0421444 , 0.0206889 , 0.0119778 , 0.0171889 , 0.01 , 0.00222222 , 0.00211111 , 0.000855556 , 0.00153333 , 0.000855556 , 0.000855556 , 
0.342756 , 0.236911 , 0.191656 , 0.118478 , 0.0463889 , 0.0373111 , 0.0301111 , 0.0262667 , 0.0115778 , 0.00881111 , 0.00595556 , 0.0059 , 0.00355556 , 0.00397778 , 
0.102067 , 0.0815889 , 0.0653667 , 0.0405889 , 0.0198667 , 0.0126 , 0.00675556 , 0.00456667 , 0.00182222 , 0.00182222 , 0.00195556 , 0.00213333 , 0.00193333 , 0.00182222 , 
0.182344 , 0.146356 , 0.121356 , 0.0693778 , 0.0321 , 0.0302444 , 0.0121333 , 0.00395556 , 0.00451111 , 0.00332222 , 0.000555556 , 0.000355556 , 0.000355556 , 0.000355556 , 
0.264289 , 0.213122 , 0.175522 , 0.110467 , 0.0393333 , 0.0196111 , 0.0195333 , 0.00992222 , 0.00583333 , 0.00716667 , 0.00733333 , 0.00708889 , 0.00786667 , 0.00686667 , 
0.108311 , 0.0875778 , 0.0669556 , 0.0418778 , 0.0176778 , 0.0131556 , 0.00963333 , 0.00194444 , 0.00175556 , 0.000333333 , 0 , 0 , 0 , 0 , 
0.334167 , 0.255222 , 0.2012 , 0.1241 , 0.0528556 , 0.0172889 , 0.0216222 , 0.0161778 , 0.00815556 , 0.00437778 , 0.00418889 , 0.00394444 , 0.00336667 , 0.00336667 , 
0.264911 , 0.192833 , 0.148356 , 0.0868778 , 0.0403444 , 0.0159889 , 0.0223 , 0.0101333 , 0.000966667 , 0.000966667 , 0.000966667 , 0.000966667 , 0.000966667 , 0.000966667 , 
0.356044 , 0.266256 , 0.212556 , 0.120844 , 0.0519111 , 0.00995556 , 0.00895556 , 0.0068 , 0.00585556 , 0.00533333 , 0.0008 , 0.0008 , 0.0008 , 0.0008 , 
0.283556 , 0.213667 , 0.163478 , 0.100833 , 0.0359556 , 0.0383333 , 0.0225 , 0.0119 , 0.0086 , 0.00581111 , 0.00364444 , 0.00234444 , 0.0029 , 0.00252222 , 
0.248089 , 0.192778 , 0.134589 , 0.0879333 , 0.0452111 , 0.0252556 , 0.0270889 , 0.0308 , 0.0193667 , 0.0157667 , 0.0115222 , 0.0123889 , 0.0113 , 0.0109889 , 
0.109722 , 0.0849556 , 0.0732889 , 0.0552 , 0.0249667 , 0.0139556 , 0.0149556 , 0.00665556 , 0.00363333 , 0.00116667 , 0.000477778 , 0.000477778 , 0.000477778 , 0.000477778 , 
0.174622 , 0.143811 , 0.114289 , 0.0832 , 0.0442111 , 0.0189 , 0.0243778 , 0.00258889 , 0.0007 , 0.0007 , 0.0007 , 0.0007 , 0.0007 , 0.0007 , 
0.289711 , 0.200733 , 0.158233 , 0.103611 , 0.0432111 , 0.0174778 , 0.0137333 , 0.00902222 , 0.00391111 , 0.00391111 , 0.00391111 , 0.00391111 , 0.00391111 , 0.00391111 , 
0.373011 , 0.298633 , 0.233611 , 0.139067 , 0.0617333 , 0.0463222 , 0.0293222 , 0.0232667 , 0.0146778 , 0.0055 , 0.00296667 , 0.00287778 , 0.00286667 , 0.00346667 , 
0.318522 , 0.236056 , 0.196567 , 0.1121 , 0.0499667 , 0.0411 , 0.0301111 , 0.0183333 , 0.00857778 , 0.00856667 , 0.00584444 , 0.00418889 , 0.00488889 , 0.00756667 , 
0.378067 , 0.262878 , 0.206667 , 0.122867 , 0.0490667 , 0.0145889 , 0.0112444 , 0.0120444 , 0.0111889 , 0.0123333 , 0.0121556 , 0.0146556 , 0.0136333 , 0.0131333 , 
0.290544 , 0.221378 , 0.173211 , 0.1033 , 0.0536556 , 0.0380222 , 0.0252111 , 0.0197 , 0.0158667 , 0.0167444 , 0.0126111 , 0.00765556 , 0.00936667 , 0.0124333 , 
0.373256 , 0.277844 , 0.213433 , 0.140178 , 0.0657333 , 0.0190222 , 0.0157 , 0.0158889 , 0.0185111 , 0.0142222 , 0.0131778 , 0.0121556 , 0.0132889 , 0.0146667 , 
0.296044 , 0.227711 , 0.184767 , 0.107656 , 0.0540444 , 0.0173889 , 0.0224444 , 0.00704444 , 0.00244444 , 0.00244444 , 0.00264444 , 0.00324444 , 0.00344444 , 0.00324444 , 
0.394978 , 0.299944 , 0.2385 , 0.133311 , 0.0556222 , 0.0464444 , 0.0305222 , 0.0315111 , 0.0290889 , 0.0205 , 0.0261333 , 0.0208 , 0.0236556 , 0.0185778 , 
0.3904 , 0.294589 , 0.243167 , 0.143389 , 0.0610889 , 0.0257111 , 0.0173222 , 0.0163556 , 0.0127222 , 0.0119667 , 0.00946667 , 0.0100556 , 0.0107222 , 0.0109667 , 
0.403422 , 0.319578 , 0.255044 , 0.135111 , 0.0567778 , 0.0301667 , 0.0154444 , 0.0172444 , 0.0122556 , 0.0120778 , 0.0120889 , 0.0137 , 0.0140778 , 0.0158444 , 
0.0774667 , 0.0620444 , 0.0503444 , 0.0362444 , 0.0251 , 0.0139778 , 0.0171556 , 0.00426667 , 0.00342222 , 0.00124444 , 0.000333333 , 0.000333333 , 0.000333333 , 0.000333333 , 
0.176989 , 0.119944 , 0.105644 , 0.0706 , 0.0342889 , 0.0137444 , 0.0214667 , 0.00958889 , 0.00217778 , 0.00184444 , 0.00164444 , 0.00114444 , 0.00114444 , 0.00114444 , 
0.404978 , 0.310078 , 0.245878 , 0.151322 , 0.0635 , 0.0336444 , 0.0249 , 0.0252 , 0.0198111 , 0.0175667 , 0.0159333 , 0.0129556 , 0.0108111 , 0.0084 , 
0.350133 , 0.275589 , 0.241444 , 0.163389 , 0.0772111 , 0.00855556 , 0.0051 , 0.00341111 , 0.00414444 , 0.00494444 , 0.00367778 , 0.00492222 , 0.00266667 , 0.00266667 , 
0.300167 , 0.242 , 0.2052 , 0.126533 , 0.0448667 , 0.0386111 , 0.0268111 , 0.0116778 , 0.00613333 , 0.00278889 , 0.00103333 , 0.00103333 , 0.00103333 , 0.00103333 , 
0.279589 , 0.210811 , 0.174289 , 0.0983444 , 0.0426333 , 0.0381222 , 0.0218667 , 0.00991111 , 0.00412222 , 0.00377778 , 0.00377778 , 0.0032 , 0.00353333 , 0.00297778 , 
0.370911 , 0.2595 , 0.196567 , 0.109533 , 0.0564444 , 0.0126333 , 0.00767778 , 0.00603333 , 0.00457778 , 0.00457778 , 0.00457778 , 0.00457778 , 0.00457778 , 0.00457778 , 
0.382411 , 0.280756 , 0.226289 , 0.142489 , 0.0602111 , 0.0418444 , 0.0276444 , 0.0172111 , 0.0104111 , 0.00956667 , 0.00602222 , 0.00601111 , 0.0057 , 0.00585556 , 
0.164489 , 0.142389 , 0.122722 , 0.0762778 , 0.0211333 , 0.0250778 , 0.0141556 , 0.00455556 , 0.00312222 , 0.00237778 , 0.00182222 , 0.0002 , 0.000533333 , 0.0016 , 
0.282189 , 0.219067 , 0.165322 , 0.105689 , 0.0437222 , 0.0399111 , 0.0264222 , 0.0159333 , 0.00956667 , 0.0073 , 0.00596667 , 0.00596667 , 0.00556667 , 0.00556667 , 
0.268822 , 0.208011 , 0.165233 , 0.101667 , 0.0437 , 0.0388222 , 0.0215444 , 0.00936667 , 0.00364444 , 0.00124444 , 0.000633333 , 0.000633333 , 0.000633333 , 0.000633333 , 
0.356211 , 0.262222 , 0.207511 , 0.106811 , 0.0512111 , 0.0433222 , 0.0270778 , 0.00927778 , 0.00345556 , 0.00625556 , 0.00304444 , 0.00138889 , 0.00103333 , 0.000988889 , 
0.367744 , 0.2802 , 0.228211 , 0.135489 , 0.0647556 , 0.0409556 , 0.0303444 , 0.0164889 , 0.00832222 , 0.00941111 , 0.00994444 , 0.0101444 , 0.00958889 , 0.00895556 , 
0.242422 , 0.171356 , 0.148378 , 0.103844 , 0.0454 , 0.0187333 , 0.0262889 , 0.0112 , 0.0038 , 0.00241111 , 0.000911111 , 0.000911111 , 0.000911111 , 0.000911111 , 
0.326433 , 0.244044 , 0.2089 , 0.118889 , 0.0506556 , 0.0176556 , 0.0175667 , 0.00765556 , 0.0009 , 0.0009 , 0.0009 , 0.0009 , 0.0009 , 0.0009 , 
0.338289 , 0.253119 , 0.211496 , 0.122289 , 0.0522667 , 0.00554074 , 0.00431852 , 0.0034963 , 0.00155556 , 0.00155556 , 0.00155556 , 0.00155556 , 0.00155556 , 0.00155556 , 
0.113193 , 0.093637 , 0.0816519 , 0.055037 , 0.0269037 , 0.0220148 , 0.0124889 , 0.00415556 , 0.00245926 , 0.00185926 , 0.00125926 , 0.000844444 , 0.000844444 , 0.000888889 , 
0.40223 , 0.303267 , 0.259541 , 0.181659 , 0.0654667 , 0.0181852 , 0.0130593 , 0.0091037 , 0.0075037 , 0.00721481 , 0.00753333 , 0.00805185 , 0.00845185 , 0.00894074 , 
0.272111 , 0.204615 , 0.1578 , 0.118748 , 0.0518444 , 0.0223926 , 0.0239556 , 0.00731111 , 0.00168148 , 0.00112593 , 0.000459259 , 0.000459259 , 0.000459259 , 0.000459259 , 
0.0769407 , 0.069 , 0.0555852 , 0.0343704 , 0.0213259 , 0.0127852 , 0.00702222 , 0.0051037 , 0.00253333 , 0.000666667 , 0.00166667 , 0.000614815 , 0.000555556 , 0.00097037 , 
0.390289 , 0.281489 , 0.214889 , 0.127178 , 0.0605778 , 0.0218741 , 0.0154074 , 0.014837 , 0.0174444 , 0.0162148 , 0.011 , 0.0123704 , 0.0134296 , 0.014763 , 
0.19157 , 0.137844 , 0.118956 , 0.0712222 , 0.0316444 , 0.00964444 , 0.0149259 , 0.00752593 , 0.00282963 , 0.00366667 , 0.00433333 , 0.00256296 , 0.00293333 , 0.00272593 , 
0.068363 , 0.0599407 , 0.0574963 , 0.0434444 , 0.0163185 , 0.0076 , 0.00573333 , 0.000318519 , 0 , 0 , 0 , 0 , 0 , 0.000562963 , 
0.407319 , 0.308911 , 0.255415 , 0.162681 , 0.0699407 , 0.0226519 , 0.0145259 , 0.0160741 , 0.0120296 , 0.00868148 , 0.0039037 , 0.00254074 , 0.00202222 , 0.00202222 , 
0.160807 , 0.121667 , 0.0997037 , 0.0598519 , 0.0292741 , 0.015037 , 0.0162667 , 0.0219037 , 0.00963704 , 0.0106593 , 0.00348889 , 0.00348889 , 0.00348889 , 0.00348889 , 
0.392022 , 0.297867 , 0.246756 , 0.165311 , 0.0637037 , 0.0293407 , 0.0231481 , 0.0178222 , 0.0146148 , 0.0151185 , 0.00940741 , 0.00758519 , 0.00897778 , 0.0111704 , 
0.186215 , 0.143948 , 0.119452 , 0.0833259 , 0.0392519 , 0.0254889 , 0.0148519 , 0.0149037 , 0.00617778 , 0.00481481 , 0.00222222 , 0.00224444 , 0.000948148 , 0.000948148 , 
0.26123 , 0.178911 , 0.14597 , 0.092 , 0.0424444 , 0.0171704 , 0.0169185 , 0.0160889 , 0.0115111 , 0.00951852 , 0.00913333 , 0.0102741 , 0.00948889 , 0.011037 , 
0.332896 , 0.247163 , 0.199711 , 0.12783 , 0.0544815 , 0.0323481 , 0.0208593 , 0.0195333 , 0.020363 , 0.0148963 , 0.0110889 , 0.0108963 , 0.0124296 , 0.0130963 , 
0.354311 , 0.252304 , 0.195467 , 0.129496 , 0.0526741 , 0.0119333 , 0.00888889 , 0.00618519 , 0.00626667 , 0.0034 , 0.0028 , 0.0028 , 0.0028 , 0.0028 , 
0.3458 , 0.257889 , 0.189896 , 0.117326 , 0.0588296 , 0.00762222 , 0.00455556 , 0.00455556 , 0.00455556 , 0.00455556 , 0.00455556 , 0.00455556 , 0.00455556 , 0.00455556 , 
0.102593 , 0.0802889 , 0.0702222 , 0.0484667 , 0.0242889 , 0.0150815 , 0.00954074 , 0.00286667 , 0.00161481 , 0.00212593 , 0.00122222 , 0.00122222 , 0.00122222 , 0.00122222 , 
0.337844 , 0.268815 , 0.207385 , 0.126385 , 0.041837 , 0.0140889 , 0.0130222 , 0.00572593 , 0.00173333 , 0.00173333 , 0.00173333 , 0.00173333 , 0.00173333 , 0.00173333 , 
0.331326 , 0.225511 , 0.182956 , 0.11817 , 0.0540667 , 0.0107556 , 0.00948889 , 0.0110222 , 0.00716296 , 0.00894815 , 0.00994074 , 0.00739259 , 0.008 , 0.00644444 , 
