milestone, 1, 2, 3, 5, 10, 20, 30, 40, 50, 60, 70, 80, 90, 100
178650 , 180626 , 181671 , 184603 , 187699 , 196746 , 198618 , 202553 , 203911 , 211880 , 214376 , 215073 , 215979 , 216030 , 
59392.7 , 64817.7 , 68200.7 , 71502.7 , 75457.4 , 81125.2 , 85578.9 , 88279.9 , 91097.8 , 91446.1 , 93063.6 , 93063.6 , 93667.5 , 93667.5 , 
177978 , 180440 , 182992 , 184417 , 185295 , 191530 , 193026 , 199474 , 202014 , 205535 , 206044 , 208385 , 217387 , 217387 , 
218678 , 220548 , 220538 , 220864 , 220818 , 244294 , 245671 , 245671 , 245671 , 245671 , 245671 , 245671 , 245671 , 245671 , 
223732 , 225476 , 225779 , 225992 , 226643 , 241254 , 242222 , 243716 , 244307 , 244186 , 244335 , 245126 , 246706 , 246622 , 
55314.8 , 59043.2 , 60518.5 , 61839.2 , 65541.9 , 76825.2 , 77765.5 , 79698.9 , 82701.8 , 83578.4 , 85741 , 85781.9 , 87056.4 , 87056.4 , 
8004.1 , 8836.4 , 9820.9 , 9921.1 , 10043 , 10265.5 , 10554.2 , 13271.6 , 14115.5 , 14571.7 , 14619.1 , 14619.1 , 14619.1 , 14619.1 , 
44736.7 , 48112.5 , 48775.3 , 51522.1 , 55051.7 , 63147 , 67578 , 72033.9 , 72760.2 , 74389.8 , 74389.8 , 74389.8 , 74389.8 , 74389.8 , 
229200 , 229731 , 231316 , 231315 , 231564 , 245895 , 246164 , 249733 , 249717 , 250155 , 251934 , 251934 , 251934 , 251934 , 
18821.7 , 19970.6 , 20595.8 , 21219.3 , 22193.3 , 25019.7 , 25522.3 , 27587.6 , 28716.3 , 28978.2 , 29803.9 , 29803.9 , 30200.8 , 30200.8 , 
14255.8 , 14941.7 , 15696.2 , 16432.3 , 17063.7 , 19321.6 , 19572.5 , 20594.1 , 21519.6 , 21816 , 22260.9 , 22260.9 , 22595.8 , 22595.8 , 
52482.7 , 52977.4 , 53428.1 , 54255.4 , 54789.2 , 55484.3 , 55967.9 , 58555.2 , 58763.4 , 58890.8 , 59532 , 59538.7 , 59462.3 , 59573.5 , 
2804.8 , 3292.6 , 3454.2 , 3560.7 , 3584.7 , 4158.8 , 4448.2 , 4720.5 , 4867.5 , 4867.5 , 4938.7 , 4938.7 , 4964.3 , 4964.3 , 
45615 , 46277 , 46546.6 , 46908.8 , 48263.7 , 49580.3 , 50137.3 , 51766.2 , 51866.2 , 52588.9 , 53115.9 , 54538.5 , 55761.8 , 55887.2 , 
60379.9 , 60340.9 , 60357.8 , 60690.3 , 60897.8 , 64167.1 , 64213.5 , 64197.1 , 64136.7 , 64474.4 , 64653.8 , 64653.8 , 64653.8 , 64653.8 , 
28887.4 , 30441.9 , 31162.5 , 32327.2 , 33173.9 , 36311.5 , 37229.3 , 39625.9 , 41134 , 41196.2 , 41877.5 , 41952.8 , 42935.7 , 42935.7 , 
10261.3 , 11322.2 , 11529.4 , 12318.1 , 13550.7 , 15109.4 , 15842.8 , 16468 , 17128.1 , 17136.9 , 17447.4 , 17447.4 , 17447.4 , 17447.4 , 
15982.1 , 16974.8 , 17439 , 18043.4 , 18669.4 , 20919.9 , 21175.5 , 22229.2 , 23299 , 23299 , 23315.4 , 23315.4 , 23315.4 , 23315.4 , 
29445.6 , 30322.2 , 30667 , 31920.3 , 32559.2 , 34953.8 , 35500.2 , 37545.1 , 38420.9 , 39390.7 , 40099.3 , 40099.3 , 40099.3 , 40099.3 , 
79475.8 , 82610.4 , 83328.9 , 83786.3 , 84715.6 , 84232.3 , 85660.2 , 89231.1 , 91576.7 , 95339.3 , 98263.2 , 98759.8 , 100134 , 100134 , 
71915.9 , 74044.9 , 74587 , 76842.4 , 78672.1 , 79499.6 , 82110 , 89571.6 , 92000.5 , 93656.6 , 96971.8 , 96971.8 , 97935 , 97935 , 
98328.1 , 98953.1 , 99806.4 , 100665 , 101356 , 103621 , 104921 , 109887 , 112235 , 113680 , 114117 , 114179 , 115054 , 115054 , 
26545.5 , 27932.9 , 28440.4 , 28742.9 , 30858.2 , 36781.5 , 37996.3 , 39307.6 , 39792.6 , 39792.6 , 39900.4 , 39900.4 , 39900.4 , 39900.4 , 
99370.3 , 100515 , 100974 , 101816 , 102522 , 107412 , 107670 , 107994 , 108487 , 108651 , 109668 , 111344 , 112391 , 112538 , 
42154 , 46016.2 , 46540.6 , 47620.7 , 50614.7 , 60465.9 , 61176.6 , 63001 , 65137.9 , 65250.4 , 67438.2 , 67438.2 , 67684.5 , 67684.5 , 
12238.2 , 13158 , 13587.8 , 13965 , 14229.3 , 16006.8 , 16627.4 , 17168.4 , 17714.7 , 17925.3 , 17943.5 , 17943.5 , 19084.4 , 19084.4 , 
39657 , 42466.4 , 43569.4 , 44889 , 48298.9 , 55806.4 , 58069.1 , 59778.1 , 60932.2 , 60932.2 , 62271.8 , 62271.8 , 62943.1 , 62943.1 , 
38914.6 , 43754.1 , 44889.1 , 47033.8 , 49269.4 , 57423.8 , 58652.1 , 60281.6 , 61920.1 , 62339.1 , 63697.6 , 63697.6 , 63697.6 , 63697.6 , 
58075.8 , 59457.3 , 59767.8 , 60654.9 , 62860.7 , 70292.6 , 73031.1 , 75964.1 , 78280.8 , 79424.5 , 80742.4 , 80742.4 , 81690.6 , 81690.6 , 
133464 , 136314 , 137324 , 137948 , 139940 , 140251 , 141748 , 147908 , 149064 , 151819 , 154161 , 154587 , 155537 , 155569 , 
187406 , 188400 , 188218 , 188457 , 188550 , 192165 , 192165 , 192165 , 192165 , 192165 , 192165 , 192165 , 192165 , 192165 , 
80066.4 , 81570.9 , 84032.7 , 85857.6 , 87919.3 , 97071.1 , 101035 , 104862 , 107538 , 107512 , 107512 , 107901 , 110284 , 110284 , 
45497.1 , 48359.5 , 49550.3 , 52505.7 , 54420.4 , 63287.3 , 64798 , 67153.8 , 70512.4 , 70963.2 , 72960.1 , 72960.1 , 75116.5 , 75116.5 , 
57904.7 , 62706 , 63278.1 , 65033.9 , 67461.2 , 77472.9 , 78578 , 82546.3 , 84101.9 , 84101.9 , 84101.9 , 84101.9 , 85399.3 , 85399.3 , 
19752.5 , 21546.2 , 22318.9 , 23621.5 , 25719.8 , 28644.5 , 29333.1 , 30342.9 , 31599.8 , 32371 , 33416.5 , 33416.5 , 33664.6 , 33664.6 , 
132234 , 136568 , 137190 , 138186 , 140476 , 140079 , 141561 , 152381 , 156461 , 157138 , 160031 , 161605 , 162956 , 163001 , 
93584.5 , 98362 , 102192 , 103531 , 105705 , 111911 , 113414 , 120483 , 124583 , 124583 , 125367 , 125367 , 125367 , 125367 , 
13027 , 14195.9 , 14702.6 , 15505.4 , 16883.7 , 20141.5 , 21325.7 , 22665.5 , 24492.5 , 24492.5 , 24860.9 , 24860.9 , 25105.1 , 25105.1 , 
87890.3 , 90983.7 , 92079.7 , 92772.6 , 97277.6 , 110530 , 115397 , 120063 , 124008 , 124315 , 125479 , 125479 , 125479 , 125479 , 
275166 , 295651 , 296850 , 302624 , 329110 , 340419 , 350572 , 364190 , 383182 , 383754 , 392227 , 392227 , 402778 , 402778 , 
921665 , 924560 , 926486 , 929589 , 932687 , 972321 , 976680 , 980570 , 982416 , 982360 , 982461 , 982476 , 982508 , 982586 , 
205649 , 214931 , 222664 , 234896 , 247139 , 269956 , 274377 , 282517 , 293906 , 296423 , 300450 , 300673 , 310128 , 310128 , 
19507.3 , 22503.7 , 23813.3 , 26016.8 , 27348.9 , 28803.4 , 29741.1 , 34133.4 , 35525.6 , 35531.8 , 36270.4 , 36270.4 , 36270.4 , 36270.4 , 
62177.9 , 72835.5 , 75322.9 , 80799.5 , 87333.3 , 90753.5 , 94270 , 96858.3 , 101764 , 104722 , 109018 , 109018 , 112323 , 112323 , 
725702 , 734894 , 735007 , 744612 , 753631 , 764032 , 769825 , 784564 , 795424 , 804669 , 812594 , 820836 , 828854 , 828943 , 
23788 , 30107.6 , 30351.4 , 31916.9 , 37502.5 , 38537.5 , 39876.6 , 45408.8 , 48931.3 , 49971.5 , 51515.1 , 51515.1 , 51752.6 , 51752.6 , 
613180 , 634597 , 640438 , 649037 , 660549 , 672830 , 684480 , 694336 , 701104 , 709474 , 729089 , 729405 , 734306 , 735912 , 
721258 , 737232 , 739850 , 746919 , 750324 , 752358 , 761266 , 774907 , 782361 , 797018 , 810773 , 813895 , 829795 , 829795 , 
550434 , 563573 , 569669 , 577466 , 589730 , 619051 , 626300 , 646336 , 653604 , 656183 , 664283 , 664283 , 664283 , 664283 , 
29623.2 , 32554.6 , 32715.6 , 35577 , 38133.3 , 39951.7 , 41863 , 44127.5 , 45655.9 , 45568.6 , 46430 , 46430 , 49386.4 , 49386.4 , 
186478 , 189952 , 190141 , 192687 , 194721 , 196056 , 197685 , 197886 , 198175 , 204293 , 208991 , 209407 , 213461 , 213461 , 
232595 , 233571 , 233774 , 234690 , 236564 , 248960 , 249778 , 251006 , 251165 , 251165 , 251165 , 251165 , 251165 , 251165 , 
208571 , 209328 , 209822 , 212352 , 215890 , 227273 , 228541 , 230278 , 231262 , 232520 , 234370 , 234759 , 234936 , 235009 , 
167995 , 170932 , 171879 , 172591 , 175840 , 175665 , 178464 , 185492 , 189358 , 193152 , 195337 , 195881 , 200725 , 200725 , 
57319.5 , 58455.9 , 60400.1 , 62806.7 , 65465.1 , 70034.9 , 71920.4 , 76758 , 78915 , 79624 , 82501 , 82734.1 , 85018.7 , 85018.7 , 
37783.5 , 40121.5 , 40985.9 , 43760.5 , 47124.3 , 49160 , 51285.9 , 55062.1 , 56296.8 , 56938.8 , 57320.8 , 57449.9 , 57896.9 , 58039 , 
120031 , 125711 , 126453 , 129251 , 134180 , 141319 , 142030 , 148637 , 151485 , 152372 , 152372 , 153594 , 155150 , 155150 , 
30642 , 32208.3 , 34267.6 , 36875.8 , 40120.7 , 42692.4 , 43922.7 , 45917.6 , 46862 , 47548.9 , 48147.6 , 48147.6 , 48489.2 , 48489.2 , 
230233 , 237411 , 240997 , 247180 , 252296 , 274720 , 275950 , 284661 , 289846 , 291765 , 293321 , 293321 , 294012 , 294012 , 
322586 , 335776 , 336380 , 341170 , 349426 , 353038 , 356331 , 367010 , 371013 , 372050 , 376615 , 377800 , 383933 , 383933 , 
160545 , 165591 , 173636 , 179440 , 184587 , 198899 , 199910 , 208141 , 216700 , 216720 , 222615 , 222692 , 225689 , 225689 , 
170662 , 176863 , 181693 , 185323 , 196547 , 208800 , 210508 , 220994 , 225599 , 228836 , 232965 , 232965 , 233609 , 233609 , 
156344 , 171314 , 176914 , 184016 , 196193 , 201984 , 207216 , 215259 , 221468 , 223793 , 226724 , 226724 , 233627 , 233627 , 
472155 , 473561 , 475290 , 475398 , 476281 , 497673 , 500324 , 502254 , 503109 , 503039 , 503150 , 503051 , 503038 , 503071 , 
405087 , 409542 , 410575 , 413603 , 417768 , 430622 , 431283 , 432115 , 433971 , 436823 , 437385 , 439093 , 442187 , 442317 , 
163980 , 172513 , 175418 , 183147 , 193749 , 203924 , 206902 , 215127 , 224599 , 229266 , 234635 , 234635 , 238732 , 238732 , 
262226 , 271819 , 275432 , 278450 , 289050 , 293588 , 301611 , 320342 , 325367 , 330513 , 333985 , 334198 , 337966 , 337966 , 
56527.1 , 69056.5 , 72395.1 , 76404.5 , 82782.5 , 87488.2 , 91590.8 , 95541.9 , 97170.9 , 101284 , 105630 , 105630 , 111344 , 111344 , 
88616.9 , 99725.9 , 101538 , 105004 , 114085 , 120898 , 123390 , 128982 , 135628 , 137092 , 142888 , 143167 , 145846 , 145846 , 
363790 , 377406 , 387514 , 393859 , 406385 , 424013 , 428122 , 446177 , 457868 , 464222 , 469516 , 470451 , 471842 , 471842 , 
211326 , 219196 , 221652 , 228974 , 239244 , 258839 , 262558 , 270294 , 278848 , 283989 , 291598 , 292043 , 292048 , 292048 , 
35385.2 , 42026.9 , 44644.2 , 48242.2 , 52135.8 , 54276.9 , 58994.8 , 62968.9 , 64557.2 , 66076 , 66946.1 , 66946.1 , 68363.3 , 68380.4 , 
78661.7 , 86979.2 , 88152.8 , 93444.1 , 101667 , 106712 , 110761 , 116810 , 125842 , 125851 , 131003 , 131314 , 133970 , 133970 , 
84806.4 , 92584.1 , 97370.3 , 99699.7 , 111921 , 120164 , 126682 , 128638 , 133804 , 134996 , 138836 , 138836 , 140496 , 140496 , 
158571 , 168130 , 175505 , 180315 , 188487 , 202069 , 205249 , 212689 , 223463 , 227463 , 234848 , 234848 , 242774 , 242774 , 
188590 , 198209 , 202423 , 211579 , 224806 , 240518 , 243284 , 252084 , 256639 , 257736 , 263909 , 264027 , 270649 , 270904 , 
549844 , 556766 , 559598 , 565738 , 574514 , 586031 , 593744 , 604913 , 608201 , 613241 , 622583 , 625276 , 630276 , 630204 , 
451471 , 459214 , 464562 , 471299 , 484518 , 487750 , 492263 , 519619 , 524897 , 538052 , 547532 , 549393 , 558500 , 558500 , 
318099 , 327559 , 330557 , 336646 , 342685 , 351677 , 357073 , 363766 , 368287 , 374247 , 386655 , 386655 , 387329 , 387329 , 
13985.8 , 18409.1 , 18743.3 , 21036.5 , 24161.1 , 25586.6 , 26685.8 , 26937.6 , 28715.5 , 29064.4 , 29783.6 , 30160.5 , 31241.5 , 31241.5 , 
220144 , 224559 , 228516 , 229403 , 235130 , 246254 , 251252 , 260318 , 263234 , 265537 , 275250 , 275724 , 277857 , 277857 , 
397434 , 402292 , 404515 , 407807 , 414131 , 417399 , 423036 , 431644 , 436621 , 438001 , 441270 , 442943 , 449243 , 449276 , 
9582.1 , 10708.1 , 10914.6 , 12583.6 , 13752.9 , 13802.1 , 14562.7 , 15064.4 , 16455.8 , 16750.2 , 17489 , 17489 , 18532.4 , 18532.4 , 
198284 , 206649 , 209219 , 217381 , 224606 , 232058 , 237492 , 244309 , 250064 , 252876 , 259697 , 259588 , 265402 , 265402 , 
448986 , 456312 , 459120 , 461855 , 465570 , 466686 , 469441 , 471810 , 473049 , 481586 , 487140 , 488288 , 488605 , 489220 , 
7573.8 , 7675.7 , 7938 , 7965.4 , 8840.5 , 8945.6 , 9205.6 , 9873.4 , 10766.2 , 10933.6 , 11069.7 , 11124.7 , 11124.7 , 11124.7 , 
168197 , 177599 , 180129 , 184764 , 199251 , 208879 , 211019 , 215971 , 222366 , 224405 , 227311 , 227323 , 236119 , 236181 , 
947412 , 958532 , 961981 , 964345 , 969567 , 986642 , 993329 , 996191 , 1.00143e+06 , 1.00518e+06 , 1.0096e+06 , 1.00955e+06 , 1.00945e+06 , 1.01032e+06 , 
365743 , 376440 , 389896 , 403133 , 427306 , 448853 , 455979 , 463650 , 470590 , 473888 , 482426 , 483322 , 493028 , 493028 , 
59427.4 , 65424.8 , 69997.8 , 72814.6 , 79652.5 , 83037 , 89958.3 , 95146.3 , 97211.6 , 98354.6 , 103267 , 103267 , 104825 , 104825 , 
786562 , 800635 , 807802 , 812527 , 824298 , 828172 , 836279 , 837968 , 845714 , 848543 , 857225 , 864576 , 883710 , 884444 , 
189235 , 195124 , 204745 , 217191 , 235029 , 244051 , 251765 , 256030 , 265251 , 267070 , 279447 , 279510 , 286872 , 286872 , 
598762 , 617075 , 618282 , 633781 , 651405 , 667682 , 680820 , 693548 , 706385 , 710256 , 721807 , 724748 , 737470 , 737470 , 
626023 , 640464 , 649413 , 656507 , 666042 , 695817 , 709278 , 721108 , 735449 , 738500 , 746854 , 746854 , 758524 , 758524 , 
27249.5 , 30940 , 31621.3 , 34434.1 , 36732.1 , 37888.9 , 41678.3 , 42584.6 , 43650.2 , 44296.6 , 46748.5 , 46777.3 , 48787 , 48787 , 
642180 , 667692 , 670312 , 683807 , 695757 , 716480 , 724577 , 734110 , 744524 , 751049 , 767478 , 768631 , 776473 , 776473 , 
643253 , 662429 , 670745 , 679372 , 693590 , 709428 , 718113 , 747746 , 760403 , 765013 , 777305 , 781009 , 789752 , 789752 , 
