milestone, 1, 2, 3, 5, 10, 20, 30, 40, 50, 60, 70, 80, 90, 100
178266 , 181785 , 183635 , 186458 , 188703 , 189942 , 191311 , 199564 , 201873 , 202464 , 202805 , 202805 , 202805 , 202805 , 
62330.5 , 68267.7 , 70734.1 , 73305.6 , 78194.8 , 82057.7 , 83156.7 , 83891.1 , 84036.7 , 84911.3 , 85138.6 , 85302.6 , 85355.1 , 85355.1 , 
175970 , 179881 , 181448 , 183539 , 185553 , 189568 , 190148 , 198403 , 199758 , 200368 , 200368 , 200368 , 200368 , 200368 , 
219386 , 220318 , 220677 , 221186 , 221879 , 222408 , 222803 , 232510 , 232799 , 233069 , 233069 , 233069 , 233069 , 233069 , 
223463 , 224558 , 225506 , 226107 , 227178 , 228133 , 228283 , 235962 , 236049 , 236138 , 236138 , 236138 , 236138 , 236138 , 
52484.9 , 58306 , 60922.9 , 64993.7 , 68771.2 , 73615.8 , 74927.8 , 77974.6 , 78134.1 , 78418.6 , 78532.8 , 78630.8 , 78793.4 , 78793.4 , 
8425.42 , 9422.1 , 9761.9 , 9982.52 , 10155.7 , 10159.7 , 10167.6 , 10496.8 , 10496.2 , 10517.8 , 10517.8 , 10517.8 , 10517.8 , 10517.8 , 
44328.3 , 48903.8 , 51861.1 , 54674.1 , 58787.9 , 61058.7 , 62109.4 , 65284.1 , 65815.6 , 66456.8 , 66565.7 , 66612.8 , 66702.1 , 66702.1 , 
229326 , 230080 , 230554 , 230855 , 231578 , 232565 , 233077 , 238134 , 238618 , 240285 , 240285 , 240285 , 240462 , 240462 , 
18910.1 , 20122.6 , 21035.8 , 21895.1 , 22967.5 , 24935 , 25549.6 , 26080.5 , 26178 , 26288.2 , 26296.3 , 26296.3 , 26296.3 , 26296.3 , 
13743.2 , 15247.3 , 15707.1 , 16717.9 , 17488.1 , 18368.3 , 18697.3 , 19565.8 , 19665.4 , 19750.8 , 19750.8 , 19750.8 , 19750.8 , 19750.8 , 
52969.3 , 53541.9 , 53947 , 54537.2 , 55299.2 , 55620.5 , 56088.1 , 57391.9 , 57502.6 , 57730 , 57865.7 , 57980.2 , 58067.8 , 58074.1 , 
2693.54 , 3188.62 , 3408.96 , 3556.8 , 3666.86 , 3685.38 , 3692.44 , 3787.68 , 3795.08 , 3797.44 , 3797.44 , 3797.44 , 3797.44 , 3797.44 , 
45983.7 , 46753.2 , 47352.5 , 47915.7 , 48600 , 49044 , 49465.4 , 51925.5 , 52193.2 , 52458.9 , 52458.9 , 52466.1 , 52466.1 , 52466.1 , 
59807.5 , 60151.9 , 60358.4 , 60646.3 , 61016.8 , 61760.5 , 61851.2 , 62363.4 , 62372.5 , 62468.6 , 62503 , 62520 , 62533.5 , 62533.5 , 
29307.1 , 31072.2 , 31787.3 , 32925.1 , 34311 , 37099.7 , 37357.2 , 37781.8 , 37796.3 , 37826.7 , 37826.7 , 37826.7 , 37826.7 , 37826.7 , 
10548.7 , 11750 , 12438.6 , 13277.5 , 13896 , 14325.3 , 14512.8 , 14800.7 , 14887.8 , 14989.3 , 14997.9 , 15044.8 , 15058.5 , 15058.5 , 
15430.4 , 17145.4 , 17638.5 , 18447.7 , 19452.9 , 20217.6 , 20487.6 , 21090 , 21130.6 , 21211.2 , 21235.1 , 21273.8 , 21307.6 , 21307.6 , 
28970.8 , 30365.5 , 30806.5 , 31805.2 , 33123.6 , 36040.8 , 36235.5 , 36848.4 , 36888.8 , 36957.8 , 36957.8 , 36957.8 , 36957.8 , 36957.8 , 
79118.8 , 81780 , 82950.8 , 83984.1 , 85598.4 , 87658.5 , 88382.1 , 92250.4 , 92792.8 , 92795.8 , 92910.6 , 92946.8 , 93141.4 , 93141.4 , 
71646.6 , 74706.2 , 76246.8 , 77770.6 , 80080.7 , 83938.5 , 84482.9 , 86864.6 , 86991.6 , 87104.2 , 87104.2 , 87104.2 , 87191.5 , 87191.5 , 
97847 , 99502.5 , 100195 , 100992 , 102554 , 103445 , 104106 , 107126 , 107765 , 108331 , 108384 , 108800 , 108933 , 108933 , 
25344.6 , 27643.5 , 28911.7 , 30272.2 , 32269.7 , 33748.9 , 34179.5 , 35246.9 , 35418.2 , 35521.2 , 35628.5 , 35632.3 , 35692.2 , 35692.2 , 
99270.6 , 100917 , 101460 , 102369 , 103288 , 103752 , 104222 , 108788 , 109156 , 109202 , 109202 , 109202 , 109202 , 109202 , 
42201.9 , 45499.4 , 46810.3 , 49491.9 , 52144.9 , 57717.6 , 58612.7 , 59669 , 59669 , 59753.9 , 59753.9 , 59753.9 , 59753.9 , 59753.9 , 
11590.7 , 13027.8 , 13411.1 , 14296.4 , 15360 , 15814.1 , 16074.1 , 16914.3 , 17004.5 , 17220.3 , 17237.3 , 17253 , 17254.7 , 17254.7 , 
39264.4 , 42377.1 , 43881.5 , 46149.7 , 48603.1 , 53592 , 54515.1 , 55265.7 , 55271.6 , 55317.6 , 55317.6 , 55317.6 , 55317.6 , 55317.6 , 
41754.5 , 44462.1 , 45996.8 , 47868.1 , 50459.4 , 56017.2 , 56638.1 , 57477.2 , 57511.7 , 57521.6 , 57521.6 , 57547.4 , 57627.8 , 57627.8 , 
56523.5 , 59758.2 , 61303.8 , 62970.6 , 64844 , 71653.7 , 72033.9 , 72614.3 , 72825.6 , 72909.8 , 72983.9 , 72983.9 , 72983.9 , 72983.9 , 
132413 , 134855 , 136488 , 138184 , 140125 , 141026 , 142055 , 149387 , 149591 , 149843 , 149843 , 149843 , 149843 , 149843 , 
187873 , 188206 , 188324 , 188548 , 188627 , 191461 , 191534 , 191604 , 191604 , 191604 , 191604 , 191604 , 191604 , 191604 , 
80028.7 , 84015.3 , 85701.9 , 88249.6 , 90994 , 101644 , 101971 , 102275 , 102286 , 102336 , 102386 , 102388 , 102392 , 102410 , 
44241.5 , 48315.2 , 49994 , 53035.2 , 56878.4 , 62330.9 , 63399.9 , 65659.9 , 65821 , 66047.1 , 66047.1 , 66047.1 , 66047.1 , 66047.1 , 
58879.1 , 62872.9 , 64078.3 , 66156.8 , 68594.1 , 75491.6 , 76412.6 , 78639.9 , 78875.9 , 78875.9 , 78875.9 , 78875.9 , 78875.9 , 78875.9 , 
19296.2 , 21626.8 , 23108.6 , 24445.2 , 26484 , 27256.5 , 27541.2 , 29390.5 , 29603.9 , 29936.4 , 30009 , 30042 , 30069 , 30069 , 
133532 , 136309 , 137784 , 139152 , 141093 , 142787 , 143672 , 147719 , 148828 , 150187 , 150258 , 150491 , 150884 , 150883 , 
96171.4 , 100013 , 101605 , 103395 , 106125 , 115722 , 116167 , 117738 , 117743 , 117846 , 117846 , 117846 , 117846 , 117846 , 
13075.6 , 14914.9 , 15782.4 , 17496.4 , 18646.7 , 19234.9 , 19415.1 , 20928.9 , 21099 , 21204.3 , 21326.7 , 21348.8 , 21348.8 , 21349.5 , 
87132.1 , 91765.4 , 93673.8 , 96330 , 99455.8 , 107616 , 107946 , 109357 , 109631 , 110316 , 110316 , 110316 , 110316 , 110319 , 
259410 , 285467 , 298690 , 313958 , 337350 , 354652 , 364829 , 370851 , 375193 , 377970 , 379246 , 379848 , 381371 , 381404 , 
921652 , 924754 , 926451 , 930717 , 933520 , 934405 , 935078 , 949612 , 953760 , 956357 , 956726 , 956726 , 956726 , 956726 , 
202501 , 222822 , 232506 , 246414 , 266001 , 280084 , 292163 , 303313 , 305771 , 307811 , 309019 , 309647 , 310403 , 310410 , 
19929.4 , 23785.8 , 25760.5 , 27229.9 , 28421.7 , 29010 , 29143.3 , 30715.2 , 30890.9 , 31104 , 31104 , 31104 , 31142.2 , 31142.2 , 
60562.1 , 70810 , 74963 , 83206 , 91662.3 , 97099.2 , 99277.8 , 104815 , 105260 , 105505 , 105567 , 105567 , 105567 , 105567 , 
713111 , 730880 , 738676 , 749380 , 761382 , 765406 , 769764 , 786732 , 791117 , 796114 , 799964 , 802124 , 802309 , 802329 , 
27513.5 , 33035.9 , 35005.4 , 37561.2 , 39134.7 , 39907 , 40055.5 , 42365.6 , 42439.3 , 42713.2 , 42713.2 , 42723.6 , 42801 , 42801 , 
612941 , 628642 , 638916 , 653331 , 668044 , 677164 , 682833 , 698891 , 706685 , 709771 , 711604 , 711609 , 711754 , 711754 , 
715952 , 732845 , 737294 , 747619 , 759249 , 769946 , 773955 , 796609 , 800051 , 802005 , 802346 , 802367 , 803604 , 803604 , 
543909 , 562361 , 570902 , 584571 , 598598 , 629818 , 631465 , 638107 , 639369 , 640182 , 640953 , 640953 , 640953 , 640953 , 
29280.5 , 32583.3 , 35038.8 , 37907.6 , 41484.1 , 44054.3 , 46469.5 , 48721.7 , 49338 , 49896.6 , 50006.2 , 50006.2 , 50006.2 , 50006.2 , 
185060 , 188594 , 190753 , 193014 , 195748 , 197581 , 199068 , 201934 , 203500 , 204187 , 205219 , 205377 , 205735 , 205807 , 
232922 , 234238 , 234780 , 235651 , 237099 , 237537 , 238116 , 240180 , 240475 , 241823 , 242084 , 242432 , 242696 , 242704 , 
208873 , 211378 , 212795 , 214330 , 216161 , 217225 , 218441 , 224997 , 225449 , 225685 , 225685 , 225685 , 225685 , 225685 , 
167044 , 170991 , 172783 , 175744 , 179040 , 181801 , 183381 , 189132 , 190134 , 190134 , 190134 , 190134 , 190134 , 190134 , 
53595.2 , 58954.4 , 61554.6 , 65429.5 , 69950.8 , 73514.7 , 76511.7 , 79597.9 , 80480.6 , 81628.3 , 82132 , 82218.3 , 82294.2 , 82294.2 , 
38391.8 , 41986 , 44948.5 , 48004.5 , 51838.1 , 54404.2 , 56451.6 , 58858.5 , 59566.8 , 59992.5 , 60177.2 , 60225.1 , 60314.1 , 60316.1 , 
118662 , 123940 , 127957 , 132204 , 137349 , 147216 , 147506 , 147618 , 147618 , 147618 , 147618 , 147618 , 147618 , 147618 , 
31349.3 , 35518.4 , 37534.6 , 40379.7 , 43843.9 , 45463.8 , 47429.5 , 48580 , 49331.4 , 49674.6 , 49806.1 , 49927.8 , 50177.8 , 50190.2 , 
230776 , 242676 , 247954 , 254665 , 262931 , 280979 , 282252 , 283583 , 283756 , 283910 , 283910 , 283910 , 283910 , 283910 , 
322378 , 332033 , 336370 , 343602 , 351834 , 357706 , 361268 , 373595 , 375534 , 375819 , 376080 , 376084 , 376419 , 376419 , 
157682 , 167831 , 172728 , 179312 , 190503 , 203427 , 206597 , 207567 , 208541 , 209469 , 210386 , 211003 , 211706 , 211828 , 
163927 , 176283 , 183489 , 191856 , 203964 , 216886 , 220164 , 224900 , 225796 , 226183 , 226485 , 226776 , 226842 , 226932 , 
161399 , 174110 , 180542 , 190295 , 202668 , 216263 , 220537 , 224009 , 225418 , 225901 , 226270 , 226495 , 226739 , 226845 , 
472191 , 473305 , 474026 , 475482 , 476566 , 477111 , 477820 , 487462 , 487893 , 488241 , 488241 , 488241 , 488241 , 488241 , 
405820 , 410800 , 412528 , 415235 , 418631 , 420457 , 421962 , 433539 , 435237 , 435489 , 435498 , 435498 , 435498 , 435498 , 
165289 , 176013 , 180448 , 188600 , 197999 , 211950 , 215710 , 220858 , 221524 , 221772 , 221959 , 221987 , 221987 , 222006 , 
264896 , 275085 , 279813 , 286799 , 296063 , 313503 , 315183 , 318600 , 319321 , 319445 , 320085 , 320239 , 320239 , 320239 , 
63945.6 , 72716 , 77872 , 83252.4 , 91122.8 , 96138.6 , 100384 , 106471 , 107451 , 108230 , 108491 , 108545 , 108615 , 108615 , 
90545.7 , 99688.4 , 104271 , 112949 , 124069 , 131502 , 137619 , 146145 , 148130 , 148628 , 148927 , 148927 , 148994 , 148994 , 
366156 , 381449 , 388572 , 399727 , 414559 , 442740 , 444351 , 446488 , 447281 , 447421 , 447762 , 447762 , 447762 , 447762 , 
202441 , 215953 , 225848 , 236371 , 251308 , 270358 , 276558 , 280970 , 284125 , 285218 , 285299 , 285868 , 286413 , 286413 , 
34395.2 , 43090 , 45955.5 , 50512.5 , 57708.3 , 60344.7 , 61203.2 , 63982.2 , 64167.2 , 64734.4 , 64816.7 , 65038.1 , 65453.4 , 65453.4 , 
74237.3 , 84934.2 , 89193.9 , 98255.4 , 108385 , 115136 , 121767 , 128479 , 130728 , 132339 , 132834 , 132834 , 132965 , 132965 , 
84619.4 , 96668 , 101917 , 108991 , 120536 , 127637 , 133047 , 141545 , 144081 , 144598 , 144856 , 144856 , 144856 , 144856 , 
151720 , 166485 , 173778 , 185942 , 201860 , 211467 , 220509 , 231269 , 234670 , 235294 , 236202 , 236261 , 236599 , 236608 , 
188484 , 203478 , 209485 , 222184 , 239770 , 253360 , 260814 , 269911 , 272283 , 273372 , 273989 , 273989 , 273989 , 274037 , 
544070 , 557845 , 563724 , 571225 , 580120 , 584233 , 587868 , 607770 , 609664 , 609943 , 609943 , 610044 , 610312 , 610312 , 
446555 , 461573 , 469090 , 479091 , 490111 , 504661 , 508251 , 521847 , 523188 , 523562 , 524683 , 524683 , 524683 , 524683 , 
319401 , 329272 , 334256 , 341257 , 351509 , 364958 , 367229 , 369934 , 371586 , 371792 , 371987 , 372055 , 372282 , 372286 , 
16228.9 , 19395.3 , 20984.5 , 23618.7 , 25844.1 , 27443.3 , 28442.3 , 30163.7 , 30326.8 , 30408.7 , 30406.1 , 30449.8 , 30449.8 , 30449.8 , 
211528 , 221467 , 227364 , 234490 , 246513 , 263859 , 266065 , 266921 , 267133 , 267555 , 268081 , 268081 , 268081 , 268081 , 
393542 , 403068 , 407874 , 412395 , 420493 , 425127 , 428932 , 440365 , 442286 , 442623 , 442969 , 442969 , 442969 , 442969 , 
9329.7 , 11189.4 , 11984.8 , 13017.1 , 14168.7 , 14707.2 , 14758.2 , 15201.9 , 15256.4 , 15365.8 , 15385.5 , 15410.3 , 15418.3 , 15419.1 , 
188474 , 200377 , 207784 , 219018 , 230081 , 243528 , 247869 , 251005 , 252762 , 253073 , 253663 , 254667 , 255370 , 255497 , 
448175 , 456893 , 460175 , 464240 , 468791 , 470634 , 473970 , 484376 , 486856 , 487380 , 488325 , 488325 , 488325 , 488325 , 
7007.86 , 8103.88 , 8415.44 , 8762.32 , 9028.22 , 9145.3 , 9216.72 , 9738.54 , 9745.64 , 9799.26 , 9797.92 , 9799.04 , 9807.06 , 9807.22 , 
172493 , 183146 , 188667 , 198024 , 210171 , 222580 , 228075 , 230856 , 233414 , 235072 , 236977 , 237688 , 238653 , 238925 , 
943560 , 955671 , 960237 , 966101 , 973725 , 975850 , 979096 , 989801 , 998083 , 998668 , 1.00313e+06 , 1.00436e+06 , 1.00838e+06 , 1.00838e+06 , 
358178 , 384491 , 396416 , 418052 , 440727 , 466143 , 473554 , 479377 , 482006 , 483844 , 486133 , 486386 , 486753 , 486895 , 
58945.1 , 68058.8 , 72485.9 , 79620.8 , 89324.4 , 96191.1 , 101235 , 103295 , 104565 , 106128 , 106649 , 106971 , 107249 , 107271 , 
785071 , 802108 , 809972 , 821426 , 833788 , 840752 , 846937 , 864825 , 871008 , 872239 , 875002 , 875150 , 875763 , 875846 , 
184062 , 202856 , 212712 , 227030 , 248713 , 262858 , 278145 , 288321 , 295124 , 300032 , 302054 , 302719 , 304295 , 304295 , 
608554 , 628800 , 639059 , 652917 , 670508 , 702079 , 705059 , 707596 , 708492 , 708492 , 708638 , 708824 , 708958 , 709104 , 
610503 , 633557 , 647817 , 663608 , 682667 , 711160 , 714914 , 719685 , 720869 , 721948 , 721948 , 721948 , 722065 , 722065 , 
26252.3 , 31620.2 , 33934.4 , 37412.2 , 40095.3 , 42273 , 43201.4 , 45414.2 , 45538 , 45564.1 , 45564.1 , 45564.1 , 45564.1 , 45564.1 , 
638926 , 661793 , 675730 , 691591 , 710881 , 733038 , 738410 , 747602 , 750280 , 750768 , 750877 , 750877 , 750877 , 750914 , 
637115 , 662922 , 676077 , 690722 , 711110 , 733318 , 737841 , 741437 , 745500 , 746964 , 748645 , 750387 , 751810 , 752208 , 
