milestone, 1, 2, 3, 5, 10, 20, 30, 40, 50, 60, 70, 80, 90, 100
177453 , 181105 , 182327 , 184726 , 186624 , 192364 , 195125 , 205544 , 207631 , 210094 , 212161 , 213745 , 216098 , 216115 , 
61898.6 , 66912.7 , 69002.9 , 71647.7 , 74172.8 , 83657.4 , 86539.9 , 88687.2 , 90923.4 , 91061.8 , 91938.1 , 91907.9 , 92214.1 , 92219.9 , 
177311 , 179688 , 181133 , 182830 , 184522 , 185519 , 186980 , 195918 , 197655 , 207624 , 211386 , 213307 , 215208 , 215223 , 
219192 , 220332 , 220503 , 220903 , 221706 , 233217 , 234076 , 239180 , 239403 , 241448 , 241857 , 243383 , 244457 , 244466 , 
223487 , 224713 , 225517 , 226279 , 227334 , 239013 , 239968 , 243732 , 244490 , 246203 , 246431 , 246914 , 247299 , 247281 , 
53894.5 , 57764.4 , 59867.5 , 63162.1 , 66634.9 , 76183.9 , 78948.3 , 81542.6 , 83510.2 , 83850.4 , 84013.7 , 84019.5 , 84308.2 , 84308.2 , 
8624.62 , 9681.54 , 9859.28 , 10030.9 , 10058 , 11725.6 , 12124.6 , 13352.2 , 14097.9 , 14287.3 , 14412.5 , 14414.8 , 14468.6 , 14471.7 , 
46354.3 , 50227.1 , 51011.3 , 53550.4 , 56313.2 , 65052.3 , 67600.8 , 70535.1 , 71623.1 , 71833.2 , 72294.2 , 72294.2 , 72294.2 , 72324.4 , 
229129 , 229942 , 230756 , 231192 , 231559 , 244115 , 244616 , 246048 , 246183 , 247237 , 247972 , 249096 , 250205 , 250198 , 
19009.7 , 20053.9 , 20545.5 , 21066.4 , 21899.4 , 25686.2 , 26373.6 , 27774.8 , 28364.6 , 28393.8 , 28722.9 , 28722.9 , 28762.3 , 28762.3 , 
13969.8 , 15373.2 , 15714.5 , 16243.6 , 17069.7 , 19358.4 , 20081.4 , 20875.2 , 21489.2 , 21520 , 21571 , 21571 , 21571 , 21571 , 
53023.8 , 53572.3 , 53988.9 , 54364.7 , 54739.9 , 56561.4 , 57123.1 , 57853.2 , 58282.1 , 58755.5 , 59340.3 , 59498.6 , 60245 , 60273.4 , 
2920.1 , 3293.82 , 3417.14 , 3515.42 , 3590.88 , 3983.58 , 4242.72 , 4538.22 , 4697.98 , 4709.76 , 4727.74 , 4727.74 , 4732.36 , 4732.36 , 
46017.1 , 46856.6 , 47167.6 , 47434.3 , 48101 , 48061.2 , 48854.3 , 50849.1 , 51828.1 , 53704.7 , 54462 , 54897.2 , 55793 , 55806.1 , 
59781.8 , 60071.5 , 60246.7 , 60391.6 , 60663 , 63416 , 63575.2 , 64049.7 , 64063.1 , 64097.9 , 64143 , 64184.4 , 64226.7 , 64238 , 
29080 , 30519.7 , 31318.7 , 32230.8 , 32922.5 , 36587.2 , 37743.1 , 39472 , 40494.3 , 40586.5 , 40928.8 , 40936.7 , 41152.6 , 41152.6 , 
10593.5 , 11575.9 , 12351.6 , 12945.7 , 13260.9 , 14900.1 , 15546.6 , 16127 , 16555 , 16648.8 , 16705.9 , 16705.3 , 16730.3 , 16746.4 , 
15914 , 16804.1 , 17340.4 , 18068.1 , 18722.6 , 21018.3 , 22066.1 , 22764.4 , 23107.8 , 23107.8 , 23107.8 , 23122.7 , 23100.5 , 23101.5 , 
29509.4 , 30594.7 , 30900.7 , 31297.1 , 32068.9 , 34770.7 , 35644.9 , 38145.1 , 38999.9 , 39227.7 , 39631.4 , 39631.4 , 39634.8 , 39634.8 , 
78889 , 81334.4 , 82134 , 83024 , 84200.4 , 86398.7 , 88059.7 , 92640.2 , 94245 , 97894.2 , 99299.2 , 99652.8 , 100128 , 100130 , 
71846.1 , 74284.9 , 75196.2 , 76538.6 , 78219 , 82485.3 , 83893.6 , 89923 , 92191.6 , 93339 , 94934 , 94944.7 , 95041.8 , 95041.8 , 
98012.9 , 99446.9 , 100020 , 100403 , 101650 , 105057 , 106213 , 110624 , 112094 , 113519 , 115129 , 115129 , 115455 , 115455 , 
25859.5 , 27376.9 , 28405.8 , 29456.2 , 30813 , 35057.9 , 36711.2 , 37817.2 , 38784 , 38799.3 , 38811.6 , 38809.7 , 38814.7 , 38807.3 , 
99444.3 , 100731 , 101132 , 101691 , 102407 , 105017 , 106277 , 108791 , 109626 , 110772 , 111465 , 112572 , 113615 , 113722 , 
42476.3 , 46007.9 , 46990.2 , 48615.7 , 50047 , 56697.5 , 58436.3 , 60458.7 , 62953.6 , 63489.4 , 64491.3 , 64528.7 , 64976.6 , 64976.6 , 
11788.4 , 12948.4 , 13431.3 , 14084.3 , 14720.2 , 17571.5 , 18452.8 , 18944.7 , 19380.1 , 19385 , 19385 , 19385 , 19394.6 , 19394.6 , 
40017.1 , 42069.1 , 43489.9 , 45139.1 , 46887.3 , 53899.3 , 55501.5 , 57618.3 , 59548.5 , 59678.9 , 60699.3 , 60699.3 , 60699.3 , 60699.3 , 
42293.6 , 44801.6 , 45994.6 , 47415.1 , 49225.9 , 55335.9 , 57045.9 , 59301.7 , 60869.9 , 60979.2 , 61268.7 , 61268.7 , 61268.7 , 61268.7 , 
57037.4 , 58989.5 , 59812.3 , 60920.5 , 62896.8 , 70325.6 , 71365.5 , 75890.5 , 77767 , 78756.8 , 80687.7 , 80687.7 , 81050 , 81050 , 
132949 , 134842 , 136079 , 137052 , 138606 , 139942 , 142073 , 146906 , 149156 , 155483 , 159310 , 160022 , 161176 , 161205 , 
187824 , 188095 , 188318 , 188451 , 188534 , 192022 , 192022 , 192165 , 192165 , 192165 , 192165 , 192165 , 192165 , 192165 , 
80632.9 , 83223.9 , 84738.3 , 86431 , 88252.8 , 103958 , 105526 , 106777 , 107274 , 107304 , 107446 , 107446 , 107446 , 107446 , 
45731.3 , 48961.9 , 50348.1 , 52310.4 , 54457.2 , 62339.5 , 64340.5 , 65546.5 , 67856.7 , 67902.2 , 68404.5 , 68442.7 , 68549.3 , 68555.9 , 
59983.3 , 62337.7 , 63582.5 , 64771.5 , 66246.7 , 79525.7 , 82187 , 83343.5 , 84048.1 , 84062 , 84337.1 , 84337.1 , 84337.1 , 84337.1 , 
20235.2 , 22671.9 , 23682.4 , 24623 , 25739.9 , 29896.5 , 31435.7 , 32580.7 , 33291.5 , 33314.5 , 33517.9 , 33529 , 33637.3 , 33639.3 , 
132943 , 135605 , 136681 , 138000 , 139745 , 142663 , 144200 , 152920 , 155196 , 157022 , 159256 , 159235 , 159950 , 159954 , 
96788 , 100114 , 101085 , 102245 , 103877 , 118745 , 121081 , 126026 , 127356 , 127356 , 127356 , 127356 , 127574 , 127574 , 
12956.8 , 14824 , 15836.2 , 16875.7 , 17916.3 , 22360.4 , 23435.6 , 23812.6 , 24275.7 , 24275.7 , 24406.2 , 24406.2 , 24412.9 , 24412.9 , 
88582.8 , 92056.2 , 93218.6 , 94707.8 , 97057.8 , 109405 , 111598 , 117378 , 119752 , 120033 , 120840 , 120840 , 120846 , 120846 , 
264892 , 285680 , 297943 , 308784 , 323741 , 336374 , 343345 , 355814 , 366631 , 369879 , 377484 , 377484 , 378971 , 378971 , 
921752 , 925568 , 926654 , 927882 , 931503 , 958588 , 960681 , 963845 , 965115 , 972076 , 973689 , 976189 , 977840 , 977867 , 
205544 , 224226 , 229025 , 241364 , 253140 , 258108 , 268370 , 274158 , 286916 , 290013 , 298512 , 299581 , 304776 , 305377 , 
20558.4 , 24611.1 , 25483.2 , 26773.6 , 28269.1 , 29031.9 , 29981 , 32806.8 , 34504.3 , 34740.5 , 35488 , 35486.5 , 35619.8 , 35609 , 
62442.5 , 72467.5 , 76757.7 , 81255.4 , 88443.8 , 91611.8 , 94923.5 , 98289.2 , 102641 , 103601 , 106727 , 106743 , 107466 , 107554 , 
717624 , 730393 , 735714 , 740744 , 750594 , 758631 , 764337 , 784785 , 787097 , 804480 , 816252 , 820654 , 829763 , 829801 , 
31212.8 , 34955.2 , 36186.3 , 37559.1 , 39055 , 39945.1 , 40603.6 , 45513.4 , 48612.7 , 48943.2 , 50302.9 , 50302.9 , 50628.3 , 50628.3 , 
608615 , 623865 , 628233 , 637878 , 651363 , 666287 , 675098 , 705424 , 719493 , 727604 , 737129 , 740074 , 746416 , 746416 , 
717347 , 731210 , 739233 , 743412 , 750485 , 753771 , 759441 , 782633 , 791046 , 807671 , 817462 , 821214 , 825487 , 825717 , 
544597 , 556223 , 566983 , 573591 , 583368 , 603289 , 610005 , 633253 , 643859 , 652760 , 664915 , 665064 , 668082 , 668082 , 
28553 , 32691.4 , 34394.1 , 36563.1 , 38884.4 , 39986 , 42047.2 , 43015.9 , 44655.4 , 45238.1 , 47717.3 , 47777 , 49077.2 , 49120.5 , 
185151 , 188634 , 190350 , 191424 , 193648 , 194010 , 195863 , 200799 , 202966 , 207500 , 210362 , 210506 , 211243 , 211243 , 
232931 , 234088 , 234487 , 235181 , 236004 , 242468 , 243494 , 244749 , 245402 , 246103 , 246764 , 247023 , 247814 , 247830 , 
209514 , 211455 , 212243 , 213443 , 214365 , 215241 , 216627 , 217938 , 218958 , 222881 , 224601 , 226389 , 228364 , 228585 , 
165675 , 168781 , 170555 , 172751 , 174969 , 176043 , 178173 , 185054 , 186813 , 190565 , 193639 , 194352 , 196906 , 196954 , 
55590.8 , 59630 , 61487.5 , 63659.3 , 66719.4 , 71780.8 , 73640.6 , 74981 , 78449.9 , 79402 , 81302.8 , 81302.8 , 82038 , 82038 , 
39002 , 41958.3 , 43451.4 , 45593.6 , 48192.5 , 49863.2 , 51512.7 , 52921 , 53726.9 , 54051.7 , 55398.8 , 55485.5 , 55956 , 56121.1 , 
119682 , 125793 , 127372 , 130148 , 133089 , 137726 , 139947 , 143720 , 145578 , 146113 , 146741 , 146941 , 147365 , 147422 , 
32439.8 , 35940.8 , 37383.6 , 39605.4 , 41776.1 , 43293.5 , 44593.9 , 45545.5 , 46960.9 , 47395.1 , 48306.7 , 48377.4 , 48603 , 48627.1 , 
231443 , 240004 , 242794 , 248353 , 255583 , 270792 , 274805 , 284667 , 290436 , 291762 , 295677 , 295890 , 298327 , 298327 , 
323415 , 332203 , 335816 , 339658 , 345470 , 347754 , 352928 , 365002 , 367713 , 371286 , 377320 , 377744 , 382245 , 382245 , 
158519 , 166244 , 169237 , 174908 , 180452 , 193875 , 197971 , 205408 , 210753 , 211184 , 213863 , 213863 , 214653 , 214653 , 
167779 , 177517 , 180960 , 185273 , 192220 , 203431 , 208741 , 216344 , 224110 , 224970 , 227699 , 228071 , 229734 , 229826 , 
168670 , 177004 , 181277 , 186808 , 194183 , 203943 , 208327 , 215534 , 222034 , 224006 , 228127 , 228116 , 229966 , 230214 , 
471821 , 473216 , 473969 , 474869 , 475785 , 492433 , 493116 , 495906 , 496293 , 497399 , 498043 , 498557 , 498570 , 498556 , 
406045 , 410829 , 412133 , 413671 , 416216 , 421510 , 423413 , 425802 , 427137 , 431304 , 433245 , 436956 , 438951 , 439338 , 
166647 , 175469 , 179127 , 184352 , 189040 , 203845 , 205996 , 214647 , 220661 , 223127 , 228657 , 229030 , 231365 , 231365 , 
265774 , 273420 , 276972 , 282884 , 288563 , 298444 , 303073 , 315654 , 321455 , 322754 , 325432 , 325836 , 328436 , 328436 , 
67536.2 , 73879.8 , 77332.6 , 80779 , 86185.5 , 88427.4 , 91937.1 , 95432.4 , 99939 , 101234 , 105056 , 105062 , 106250 , 106339 , 
88150.3 , 98544.8 , 103996 , 109592 , 117360 , 121746 , 126296 , 130385 , 137485 , 138507 , 143671 , 143953 , 148238 , 148218 , 
366260 , 377820 , 382365 , 388810 , 401187 , 418179 , 421564 , 440593 , 446982 , 449514 , 457347 , 457373 , 461518 , 461518 , 
207760 , 219742 , 224142 , 230278 , 240241 , 255257 , 260484 , 269728 , 278952 , 280242 , 285412 , 285983 , 287631 , 287612 , 
36778 , 42175.1 , 46322.5 , 51327.8 , 55876.4 , 56643 , 58999.8 , 61477.5 , 63955.3 , 64190.3 , 65868.8 , 65944.4 , 66751.8 , 66740 , 
77138.1 , 85567.7 , 89224.9 , 94573.8 , 100654 , 107453 , 113250 , 114968 , 120643 , 121419 , 123858 , 124012 , 124665 , 124883 , 
87161.6 , 98907 , 103500 , 107997 , 115155 , 119414 , 124257 , 127965 , 133205 , 134833 , 138754 , 138908 , 139218 , 139348 , 
154189 , 166506 , 172361 , 180054 , 190231 , 198501 , 203813 , 211178 , 219652 , 222614 , 229907 , 230279 , 236674 , 236733 , 
188287 , 205469 , 211441 , 218694 , 228780 , 236795 , 241910 , 249699 , 256910 , 257480 , 263741 , 263922 , 265232 , 265604 , 
548600 , 554508 , 558166 , 564874 , 570961 , 573469 , 580946 , 593530 , 599894 , 609289 , 616594 , 619970 , 628853 , 628929 , 
447006 , 460898 , 464312 , 470374 , 478682 , 484322 , 489260 , 513620 , 522430 , 529849 , 542302 , 544070 , 551078 , 551078 , 
318134 , 325007 , 329944 , 336403 , 342048 , 348101 , 351231 , 362033 , 368348 , 373098 , 378930 , 379073 , 381788 , 381788 , 
15557.4 , 18406.5 , 20215.2 , 22271 , 25087.8 , 24808.7 , 26538.4 , 26842 , 27874.1 , 28369.5 , 29746.8 , 29843.9 , 30405.1 , 30387.1 , 
213706 , 222481 , 226557 , 230687 , 238237 , 246845 , 249906 , 255512 , 261013 , 263041 , 267789 , 268059 , 269065 , 269065 , 
392066 , 400256 , 402789 , 406923 , 412635 , 414761 , 419278 , 428235 , 433684 , 439045 , 443766 , 445063 , 448538 , 448606 , 
10097.2 , 11722.7 , 12345 , 13349.7 , 14021.3 , 14019.2 , 14539.8 , 15183.7 , 15689.7 , 16075.8 , 16993.3 , 17008.9 , 17476.8 , 17478.3 , 
187828 , 199340 , 204513 , 210158 , 217666 , 227046 , 231287 , 237878 , 240389 , 242404 , 247358 , 247611 , 251438 , 251580 , 
450835 , 457026 , 458877 , 460999 , 465438 , 465739 , 468385 , 472895 , 476136 , 481237 , 483556 , 486712 , 490662 , 491032 , 
7081.82 , 8115.06 , 8459.46 , 8666.16 , 8969.94 , 8737.78 , 9065.54 , 9511.14 , 10055.9 , 10295.2 , 10547 , 10559.9 , 10781.8 , 10780.1 , 
173265 , 181724 , 187775 , 192842 , 200926 , 207677 , 212429 , 216126 , 220600 , 222984 , 230711 , 231340 , 235261 , 235326 , 
948596 , 955991 , 958656 , 963368 , 968062 , 976657 , 981421 , 983215 , 987374 , 995663 , 1.00028e+06 , 1.01019e+06 , 1.01565e+06 , 1.01607e+06 , 
357236 , 380355 , 391218 , 404136 , 417033 , 433411 , 441066 , 453618 , 464446 , 470541 , 482228 , 483317 , 494470 , 494694 , 
58922.9 , 67314 , 71355.9 , 76800.5 , 83793.3 , 85988 , 91952.1 , 93655.3 , 96108.6 , 97547.8 , 100767 , 101030 , 101788 , 102083 , 
784952 , 796595 , 803343 , 811965 , 821357 , 824250 , 831097 , 857732 , 865840 , 876223 , 883080 , 885622 , 896127 , 896305 , 
188380 , 204234 , 210170 , 221584 , 234066 , 240426 , 250390 , 255888 , 262238 , 264584 , 274212 , 275068 , 281017 , 280985 , 
606202 , 627745 , 634639 , 647054 , 655743 , 671654 , 678595 , 700076 , 711339 , 717872 , 730191 , 730688 , 737173 , 737173 , 
613029 , 633651 , 644155 , 652255 , 667619 , 680108 , 686679 , 706933 , 714806 , 720585 , 736029 , 738598 , 750773 , 750773 , 
27664.5 , 32219.4 , 34951.2 , 37407.5 , 39991.3 , 40089.6 , 41676.4 , 42743.3 , 44720.1 , 45439.2 , 47644.1 , 47612.8 , 48656.4 , 48656.4 , 
643695 , 656853 , 665974 , 678501 , 693521 , 709251 , 717188 , 731791 , 739781 , 749238 , 764689 , 766179 , 774909 , 774909 , 
637852 , 660219 , 667154 , 679696 , 692337 , 702471 , 712915 , 732770 , 743185 , 753402 , 763261 , 765911 , 771870 , 771870 , 
