milestone, 1, 2, 3, 5, 10, 20, 30, 40, 50, 60, 70, 80, 90, 100
175476 , 178844 , 181908 , 184350 , 187925 , 190118 , 191857 , 199917 , 203386 , 204068 , 204252 , 204252 , 204252 , 204252 , 
56678.9 , 60380.6 , 64105.8 , 68252.6 , 74961.2 , 80929.6 , 83296.9 , 84042.3 , 84754.2 , 85134.6 , 85327.6 , 85695.8 , 86311.3 , 86315.5 , 
175269 , 178556 , 179835 , 182185 , 184890 , 186269 , 187359 , 199113 , 202495 , 202683 , 202935 , 202935 , 202935 , 202935 , 
218270 , 219565 , 220075 , 220706 , 221645 , 224985 , 225323 , 233100 , 234893 , 234982 , 234989 , 235084 , 235175 , 235175 , 
222727 , 224214 , 224992 , 225623 , 226878 , 228298 , 228571 , 234943 , 236123 , 236761 , 237144 , 237144 , 237144 , 237144 , 
48612.3 , 53983.9 , 55989.2 , 59729.1 , 66903.6 , 74193.9 , 76608.6 , 78741 , 79616.7 , 79781.1 , 79932.2 , 79988.3 , 80045 , 80045 , 
7353.56 , 8310.28 , 8955.36 , 9750.02 , 10063.6 , 10140.5 , 10155 , 10487.4 , 10548 , 10628.2 , 10685.6 , 10685.6 , 10685.6 , 10685.6 , 
41221.7 , 45408.1 , 46891.9 , 50727.8 , 56152.2 , 62264.4 , 63983 , 65465.1 , 65637.4 , 66723.2 , 67039.9 , 67090.7 , 67581.8 , 67601.2 , 
227930 , 229514 , 230432 , 230834 , 231579 , 234138 , 234454 , 238809 , 240088 , 240707 , 241377 , 241377 , 241377 , 241377 , 
17613.6 , 18915.9 , 19495.8 , 20799.7 , 22132.7 , 25246.7 , 25557.8 , 25645.3 , 25710.8 , 25713.1 , 25724.7 , 25724.7 , 25724.7 , 25724.7 , 
12734.8 , 14157.1 , 14772.8 , 15714.7 , 17022.6 , 18141.1 , 18659.5 , 19543.5 , 19837.2 , 19865.6 , 19895.9 , 19906.2 , 19918.8 , 19918.8 , 
52652.2 , 53299.3 , 53626.2 , 54056.6 , 54861.5 , 55348.1 , 55832.4 , 56776.4 , 57029 , 57352.9 , 57476.4 , 57599.9 , 57713.2 , 57718.8 , 
2250.02 , 2673.12 , 2982.94 , 3292.04 , 3582.84 , 3680.22 , 3711 , 3844.54 , 3849.3 , 3854.64 , 3875.9 , 3880.5 , 3880.5 , 3880.5 , 
45575.5 , 46319.9 , 46654.1 , 47454.4 , 48265.4 , 48699.4 , 49225.8 , 51567.9 , 52447.3 , 52473.5 , 52590.4 , 52633.8 , 52696.2 , 52696.2 , 
59490.2 , 59951.3 , 60094.8 , 60375.3 , 60800.2 , 61766.9 , 61869.8 , 62381.5 , 62474 , 62532.1 , 62595 , 62663.8 , 62696.8 , 62702.2 , 
28201 , 30330.2 , 30872.1 , 31812.5 , 33529.1 , 36631.9 , 37030 , 37514.6 , 37626 , 37626 , 37626 , 37626 , 37626 , 37626 , 
9213.72 , 10696.2 , 11175 , 12336.5 , 13654.2 , 14328.8 , 14666.6 , 14983.3 , 15110.4 , 15259.1 , 15306.6 , 15316.8 , 15323.6 , 15323.6 , 
14584.4 , 15667.8 , 16533.7 , 17396.2 , 18809.3 , 20107.6 , 20798.9 , 21006.8 , 21127.8 , 21169 , 21290.8 , 21343.6 , 21465.5 , 21467.5 , 
28222.8 , 29281.1 , 29982.8 , 30836.1 , 32147.8 , 34961.2 , 35461.4 , 36272.3 , 36541.3 , 36567.1 , 36610 , 36610 , 36660.3 , 36660.6 , 
78294.5 , 79972.1 , 80775.3 , 82842.4 , 84707.2 , 86786.7 , 87634.9 , 91823.3 , 93301.6 , 93392.8 , 93471.2 , 93471.2 , 93471.2 , 93471.2 , 
69477 , 72621.4 , 73958.2 , 75813.9 , 78733.5 , 82725.8 , 83924.1 , 86930.8 , 87567.3 , 87663.9 , 87771.7 , 87771.7 , 87771.7 , 87771.7 , 
97247.2 , 98617.1 , 99523.1 , 100658 , 101993 , 102884 , 103704 , 106210 , 107099 , 107615 , 108144 , 108156 , 108509 , 108569 , 
22187.8 , 24883.2 , 25804 , 28324.6 , 31138.3 , 33497.9 , 34499.6 , 35398.6 , 35750.3 , 36082.5 , 36392 , 36392 , 36392 , 36392 , 
98543.2 , 99994.4 , 100625 , 101353 , 102759 , 103343 , 104031 , 108782 , 109729 , 109994 , 110087 , 110087 , 110087 , 110087 , 
39608.8 , 42863.9 , 44010 , 46886.6 , 50762.6 , 57632.6 , 58624.5 , 58775.4 , 58899.3 , 58935.8 , 58992.3 , 58992.3 , 58994.1 , 59007.6 , 
10033.3 , 11151.4 , 11879.2 , 13077.1 , 14693.7 , 15406.7 , 15921.4 , 16661.6 , 16870.5 , 17180.6 , 17253.8 , 17309.8 , 17409.2 , 17413.9 , 
37224.5 , 40106.5 , 41636.3 , 44003.7 , 47300.1 , 53866.8 , 54778.1 , 55136.8 , 55186.4 , 55186.4 , 55186.4 , 55186.4 , 55186.4 , 55186.4 , 
39763.3 , 41375 , 43745.5 , 45969.5 , 49142.7 , 55020.3 , 55783.9 , 56370.4 , 56572.6 , 56579 , 56642.6 , 56642.6 , 56642.6 , 56642.6 , 
54614.2 , 56930.1 , 58102.8 , 60098.9 , 63176.8 , 70699.9 , 71643.2 , 72850.9 , 73269.6 , 73337.8 , 73337.8 , 73337.8 , 73337.8 , 73337.8 , 
130834 , 133171 , 134383 , 136126 , 138461 , 140366 , 141728 , 148676 , 150173 , 150355 , 150406 , 150406 , 150406 , 150406 , 
188413 , 188500 , 188529 , 188581 , 188626 , 191180 , 191180 , 191180 , 191183 , 191183 , 191183 , 191183 , 191183 , 191183 , 
78168.7 , 80590 , 81870.2 , 84657.7 , 88553.9 , 101168 , 102195 , 102232 , 102396 , 102458 , 102565 , 102565 , 102565 , 102565 , 
41530.5 , 43940.2 , 45751.7 , 48907.3 , 54467.2 , 60876.9 , 63098.4 , 64649.9 , 65233.2 , 65573.2 , 65816 , 65816 , 65861 , 65861 , 
53408.9 , 58085.6 , 60312.2 , 63532.3 , 66936.3 , 74509.1 , 76316 , 77154.2 , 77558.4 , 77558.4 , 77558.4 , 77558.4 , 77558.4 , 77558.4 , 
16449.4 , 19458.6 , 20763.2 , 22929.1 , 25765.2 , 26928.7 , 27674.8 , 30126.2 , 31046.4 , 31079.3 , 31103.9 , 31103.9 , 31105.8 , 31105.8 , 
131850 , 134013 , 135424 , 137452 , 140428 , 141990 , 143083 , 146722 , 149068 , 149738 , 150475 , 150861 , 151277 , 151274 , 
93404.5 , 97098.4 , 98818.8 , 101251 , 104625 , 113307 , 114587 , 116966 , 117484 , 117484 , 117649 , 117649 , 117649 , 117649 , 
11177.8 , 13047.8 , 13899.8 , 15879 , 17907 , 18818.3 , 19243.8 , 21028.1 , 21585.2 , 21701.7 , 21727.7 , 21727 , 21727 , 21727 , 
84648.3 , 87924.2 , 90246.6 , 93397.6 , 97846.9 , 106962 , 108483 , 110406 , 110680 , 110947 , 111113 , 111113 , 111113 , 111113 , 
253508 , 272047 , 281000 , 298225 , 323682 , 350232 , 358197 , 361061 , 365542 , 366999 , 369606 , 370653 , 372127 , 373301 , 
920065 , 924797 , 926973 , 929420 , 932743 , 935469 , 936510 , 949378 , 954471 , 956003 , 958624 , 958814 , 959578 , 959578 , 
180055 , 201073 , 211698 , 226926 , 254188 , 270612 , 285029 , 296997 , 303667 , 305511 , 308613 , 309126 , 309797 , 309898 , 
15993.1 , 19638.6 , 21171.5 , 25389.8 , 27437.5 , 28711.6 , 29211.8 , 31219 , 31639 , 31780 , 31953.5 , 31953.5 , 32002.9 , 32002.9 , 
50586.2 , 61362.4 , 65975.1 , 74533.1 , 86925.1 , 93758.9 , 98159.9 , 103956 , 105891 , 106386 , 106823 , 106823 , 106823 , 106823 , 
709019 , 718991 , 724469 , 736287 , 752471 , 757972 , 766579 , 783560 , 796760 , 800447 , 804050 , 804260 , 805801 , 806153 , 
21677.4 , 27032.9 , 29144.2 , 33921.3 , 37993.6 , 39417.5 , 40013 , 42910 , 43214.4 , 43294.4 , 43331.6 , 43331.6 , 43339 , 43339 , 
595281 , 612277 , 624246 , 636119 , 655973 , 668115 , 678186 , 699271 , 707903 , 708681 , 710380 , 710399 , 710397 , 710409 , 
703719 , 715028 , 723392 , 735777 , 752645 , 758198 , 767175 , 793540 , 803507 , 804182 , 805247 , 805424 , 805424 , 805424 , 
518804 , 538405 , 552527 , 567031 , 587544 , 613227 , 619880 , 632798 , 637239 , 638021 , 638533 , 638533 , 638533 , 638533 , 
24035 , 28135.9 , 30051.6 , 33113.5 , 38081.7 , 40952.5 , 44399.1 , 46925.4 , 48330.3 , 48966.7 , 49350.3 , 49380.6 , 49386.8 , 49389.8 , 
182103 , 185910 , 187255 , 190434 , 193945 , 195936 , 198086 , 202185 , 205100 , 205276 , 206349 , 206464 , 207050 , 207116 , 
232331 , 233541 , 234368 , 235075 , 236436 , 237247 , 237964 , 239851 , 241174 , 241322 , 241859 , 242075 , 242501 , 242587 , 
208012 , 209512 , 210589 , 212703 , 215316 , 216534 , 217726 , 224362 , 225620 , 225620 , 225620 , 225620 , 225620 , 225620 , 
161752 , 165945 , 168827 , 171542 , 175873 , 178001 , 180510 , 187200 , 189289 , 189346 , 189404 , 189404 , 189404 , 189404 , 
50699 , 54731.4 , 56365.7 , 59787.3 , 65771.8 , 70979.8 , 73810.9 , 76147.6 , 77569.5 , 77849 , 78352.5 , 78408.2 , 78580.1 , 78689.9 , 
33043.2 , 36890.1 , 39519.8 , 42857.2 , 48303.8 , 51266.5 , 54574.7 , 56345.3 , 57925.6 , 58379.2 , 58921.3 , 58945.4 , 59102.7 , 59118.7 , 
114356 , 120666 , 123511 , 127815 , 133607 , 143349 , 145228 , 145963 , 146284 , 146376 , 146394 , 146394 , 146394 , 146394 , 
28194 , 31892.6 , 33919.7 , 36805.4 , 41268.9 , 43476.1 , 46448.4 , 48048.6 , 49263.7 , 49517.5 , 49714.4 , 49848.9 , 50024.1 , 50088.1 , 
219911 , 231221 , 236533 , 243643 , 255280 , 276091 , 278316 , 279411 , 279757 , 280208 , 280473 , 280659 , 280806 , 280806 , 
319207 , 327007 , 331222 , 337767 , 346814 , 354641 , 359401 , 371289 , 375365 , 375608 , 375619 , 375619 , 375619 , 375619 , 
151568 , 158782 , 163586 , 169202 , 182006 , 198320 , 201420 , 201898 , 202782 , 202775 , 202836 , 202854 , 202988 , 203080 , 
154488 , 166840 , 170023 , 179082 , 194187 , 211150 , 216385 , 218390 , 219317 , 220075 , 220768 , 221004 , 221526 , 221878 , 
151826 , 163590 , 170245 , 179573 , 195811 , 210627 , 214748 , 217851 , 219032 , 220062 , 221242 , 221529 , 222734 , 222739 , 
470630 , 472546 , 473353 , 474649 , 475998 , 477993 , 478908 , 488105 , 489689 , 490321 , 490520 , 490520 , 490520 , 490520 , 
402768 , 407863 , 410712 , 413559 , 417655 , 419456 , 421440 , 433691 , 437892 , 438084 , 438736 , 438736 , 438736 , 438736 , 
158983 , 166855 , 172054 , 179351 , 191036 , 207269 , 209949 , 211096 , 212182 , 212744 , 213253 , 213253 , 213253 , 213253 , 
256535 , 266492 , 270112 , 278606 , 289371 , 301534 , 306682 , 313270 , 316119 , 316979 , 317759 , 317841 , 317841 , 317841 , 
53413.9 , 61445.2 , 65409.3 , 72832.9 , 83475.8 , 89564.2 , 96562.3 , 102494 , 105204 , 106511 , 108143 , 108150 , 108339 , 108347 , 
80482.2 , 89788.6 , 95134 , 103150 , 115697 , 124822 , 134184 , 142420 , 145560 , 146813 , 148291 , 148296 , 148581 , 148570 , 
352752 , 364469 , 374174 , 385616 , 404085 , 435659 , 440679 , 442814 , 444131 , 444362 , 444578 , 444590 , 444807 , 444807 , 
193846 , 203763 , 211219 , 221459 , 237721 , 260637 , 266616 , 269261 , 271161 , 272045 , 274199 , 275331 , 277465 , 277386 , 
29722.5 , 35022.6 , 37370.7 , 43626.9 , 51891.1 , 57296.3 , 60499.6 , 64230.8 , 65277.2 , 65853.3 , 66025.2 , 66141.4 , 66315.8 , 66315.8 , 
67955.7 , 76001.5 , 79031.9 , 87428.6 , 99348.2 , 107123 , 115992 , 122280 , 126530 , 128848 , 130767 , 131150 , 131858 , 131875 , 
74989.5 , 86049.7 , 89162.1 , 98058.9 , 113353 , 121314 , 130363 , 139686 , 142617 , 143550 , 145014 , 145014 , 145072 , 145072 , 
134018 , 151623 , 156934 , 172389 , 189914 , 202687 , 213916 , 223137 , 228047 , 229441 , 231394 , 231413 , 231820 , 232040 , 
171740 , 183623 , 195037 , 207368 , 228626 , 243947 , 253061 , 261290 , 265598 , 267463 , 269567 , 270181 , 271614 , 272055 , 
538087 , 549852 , 554773 , 563423 , 575232 , 580750 , 586708 , 607434 , 610850 , 612031 , 612031 , 612031 , 612031 , 612031 , 
428613 , 445974 , 452205 , 464761 , 480262 , 495616 , 502870 , 517944 , 523435 , 523739 , 524897 , 524897 , 525041 , 525041 , 
309577 , 316745 , 322643 , 330411 , 343030 , 356208 , 361481 , 366837 , 368910 , 368967 , 369492 , 369492 , 369492 , 369510 , 
12761.9 , 15733.3 , 17244.2 , 20178.5 , 23999.5 , 26102.8 , 27859 , 29765 , 30536.6 , 30619 , 30625.8 , 30637.6 , 30646.8 , 30646.8 , 
201356 , 211168 , 215978 , 223646 , 236169 , 253381 , 255799 , 256487 , 257400 , 258440 , 259422 , 259910 , 260329 , 260537 , 
383771 , 392550 , 396669 , 404544 , 414596 , 420283 , 425730 , 435799 , 440015 , 440332 , 440466 , 440466 , 440466 , 440466 , 
7761.96 , 9473.52 , 10691.2 , 12099.5 , 13498.5 , 14342.9 , 14636 , 15228.1 , 15378.1 , 15502.1 , 15589.8 , 15587.8 , 15620.5 , 15625 , 
177744 , 191488 , 195863 , 206252 , 221021 , 236553 , 240085 , 241051 , 242755 , 244142 , 245650 , 246546 , 247803 , 247980 , 
444568 , 450624 , 453548 , 458896 , 465466 , 467923 , 471566 , 481546 , 486705 , 487473 , 487874 , 487912 , 487924 , 487948 , 
5938.5 , 6696.06 , 7453.28 , 8235.54 , 8835.08 , 9032.64 , 9151.8 , 9506.28 , 9563.64 , 9606.72 , 9602.52 , 9607.24 , 9607.24 , 9608.7 , 
162987 , 172614 , 179393 , 188494 , 202381 , 217155 , 220806 , 222935 , 225043 , 226776 , 228943 , 229346 , 229903 , 230013 , 
940561 , 950106 , 954564 , 960650 , 970051 , 973650 , 978748 , 993029 , 1.00136e+06 , 1.00346e+06 , 1.00803e+06 , 1.00846e+06 , 1.00968e+06 , 1.0097e+06 , 
337932 , 349170 , 363585 , 384099 , 412846 , 444272 , 452152 , 456177 , 459507 , 461455 , 463323 , 464603 , 465781 , 466416 , 
49973.2 , 57478.7 , 61733.2 , 69856.9 , 82317.8 , 89090.8 , 97618.7 , 100224 , 102586 , 103811 , 104712 , 105258 , 105794 , 105911 , 
775651 , 790614 , 798648 , 809179 , 825112 , 832122 , 842120 , 858649 , 868298 , 869954 , 871896 , 872015 , 872968 , 873005 , 
171003 , 186894 , 194195 , 210676 , 235215 , 248817 , 265471 , 276992 , 284298 , 288964 , 294555 , 294972 , 296409 , 296467 , 
596564 , 613723 , 622786 , 636546 , 657371 , 684767 , 693789 , 702237 , 704960 , 705591 , 706076 , 706076 , 707170 , 707170 , 
589787 , 616846 , 628449 , 646266 , 669610 , 692834 , 703170 , 712712 , 716706 , 718380 , 719790 , 720237 , 721403 , 721520 , 
21498.9 , 27039.4 , 28693.7 , 33084.3 , 38572.5 , 41164.3 , 42481.6 , 45624.4 , 46620.3 , 46614.5 , 46665.6 , 46665.6 , 46665.6 , 46674.9 , 
629299 , 650172 , 658816 , 672233 , 697831 , 713166 , 723947 , 737195 , 745043 , 746314 , 748156 , 748156 , 748156 , 748156 , 
628606 , 646799 , 655753 , 672408 , 697497 , 723837 , 734971 , 740259 , 743708 , 744835 , 746543 , 747764 , 749036 , 749926 , 
