milestone, 1, 2, 3, 5, 10, 20, 30, 40, 50, 60, 70, 80, 90, 100
178615 , 181924 , 183326 , 184700 , 186998 , 190430 , 192630 , 205408 , 207982 , 212154 , 214678 , 216030 , 218574 , 218580 , 
62517.5 , 67079.5 , 68958.2 , 71943.2 , 75213.6 , 86662 , 89472.1 , 91567.1 , 94300.6 , 94312.1 , 94365 , 94365 , 94365 , 94365 , 
177066 , 180107 , 181536 , 183230 , 184932 , 188437 , 189850 , 200760 , 204120 , 210629 , 213317 , 214052 , 214495 , 214476 , 
219266 , 220238 , 220468 , 220764 , 221698 , 232684 , 233735 , 235768 , 235978 , 241674 , 243224 , 243824 , 244666 , 244792 , 
223370 , 224860 , 225564 , 226022 , 227466 , 238679 , 239851 , 244547 , 245345 , 247955 , 248647 , 248953 , 249250 , 249235 , 
52577.6 , 57537.6 , 60393.4 , 63153 , 67111.6 , 77591.1 , 81867.5 , 84734.3 , 86911.2 , 87005.4 , 87597.8 , 87597.8 , 87774.1 , 87774.1 , 
8703.82 , 9647.24 , 9886.14 , 10085.4 , 10120 , 11842.2 , 12332.3 , 13756.9 , 14547.2 , 14766.5 , 14819 , 14856.8 , 14947.6 , 14947.6 , 
44860.5 , 48893.1 , 50518.7 , 53377.4 , 56849.1 , 66540 , 69629.5 , 71314.2 , 72636.6 , 72629.5 , 73003 , 73003 , 73003 , 73003 , 
228819 , 229989 , 230376 , 231086 , 231511 , 244253 , 244936 , 245711 , 246028 , 247270 , 247948 , 248726 , 250317 , 250296 , 
19151.5 , 20229.9 , 20608.9 , 21210.1 , 21979.5 , 26642.2 , 27244 , 28378 , 29198.1 , 29263 , 29344.5 , 29344.5 , 29344.5 , 29344.5 , 
14316.7 , 15303.3 , 15919.9 , 16493.5 , 17163.2 , 19029.1 , 19981.6 , 21040.5 , 21753.5 , 21797.3 , 21849 , 21849 , 21849 , 21849 , 
52959.9 , 53630.6 , 53994.6 , 54376.8 , 54723.4 , 56058.1 , 56610 , 57876.6 , 58415.4 , 58972.4 , 59362.8 , 59437.4 , 59878.8 , 59932.5 , 
2823.6 , 3252.82 , 3422.04 , 3572.14 , 3618.04 , 3983.08 , 4269.38 , 4640.78 , 4783.28 , 4809.36 , 4845.52 , 4847.88 , 4848.4 , 4851.58 , 
46088.8 , 46743.6 , 47061.1 , 47520.6 , 48086.5 , 48666.7 , 49499.4 , 50871.8 , 51636.9 , 52549.7 , 53450.6 , 54148.5 , 55207.1 , 55247 , 
59878.9 , 60031.5 , 60190.7 , 60450.4 , 60695.1 , 63759.6 , 63817.2 , 64048.3 , 64069.3 , 64084.6 , 64095.9 , 64207.5 , 64249.7 , 64242 , 
29522.9 , 30661.2 , 31427.5 , 32224.4 , 32968.9 , 37339.9 , 38143.8 , 40184.6 , 41086.8 , 41253.8 , 41836.8 , 41836.8 , 41928.5 , 41928.5 , 
11066.7 , 11973.7 , 12392.7 , 13064.9 , 13581.6 , 15293.3 , 15882.3 , 16463.8 , 16864.3 , 16954.9 , 17071.1 , 17075.6 , 17067.2 , 17086.5 , 
16038.9 , 17469.8 , 17769.2 , 18506.4 , 19018 , 21416.2 , 22523 , 23341.9 , 24049.1 , 24045.5 , 24075.6 , 24068 , 24074.5 , 24072.8 , 
29452.8 , 30449.6 , 30962.7 , 31605.5 , 32110.5 , 34915.9 , 35719.6 , 38427.2 , 39613.1 , 39722 , 40057.3 , 40063.6 , 40144.4 , 40144.4 , 
79515.4 , 81650 , 82243.7 , 83287.6 , 84660.3 , 86573.8 , 87875 , 93522.5 , 95335.6 , 98273 , 100363 , 100436 , 100721 , 100721 , 
71946.9 , 74554.1 , 75753.3 , 77025.5 , 78659.6 , 84158.9 , 85638.7 , 91325.6 , 94171.1 , 95139 , 95771.7 , 95788.8 , 95851.5 , 95851.5 , 
97853.2 , 99358 , 99882.7 , 100754 , 101839 , 103059 , 104350 , 108966 , 110946 , 112036 , 113772 , 114151 , 115532 , 115518 , 
25195.5 , 27697 , 28861.5 , 30108.4 , 31846 , 36421.8 , 38087.5 , 40098.4 , 40951.3 , 40951.3 , 40951.3 , 40951.3 , 40951.3 , 40958.1 , 
99436.6 , 100664 , 101242 , 101762 , 102319 , 104683 , 105843 , 108336 , 109034 , 111466 , 112671 , 113507 , 114429 , 114512 , 
42994.2 , 45665.8 , 47314.2 , 49144.8 , 51272 , 58645.3 , 60640.7 , 63172.8 , 65251.5 , 65422.6 , 66174.8 , 66174.8 , 66174.8 , 66174.8 , 
12116.7 , 13349.6 , 13886.1 , 14269.5 , 14777.6 , 17842.7 , 19276.4 , 19912.8 , 20354.8 , 20354.8 , 20400.2 , 20400.2 , 20400.2 , 20400.2 , 
39592.2 , 42349.6 , 43361.3 , 44784.4 , 47123 , 56040.2 , 58419 , 59363.4 , 60655.7 , 60655.7 , 60660.7 , 60660.7 , 60660.7 , 60660.7 , 
42314.9 , 44952.4 , 46411.2 , 47498.1 , 49532 , 58164.6 , 60149.9 , 61276 , 62759.4 , 62759.4 , 62872 , 62872 , 62872 , 62872 , 
57272.1 , 59321.9 , 60567.6 , 61784.2 , 63035 , 71888.8 , 73920.5 , 78739.1 , 81017.8 , 81647.3 , 82285.5 , 82325.5 , 82325.5 , 82325.5 , 
133178 , 135036 , 136089 , 137116 , 139014 , 139034 , 140620 , 147665 , 149759 , 154523 , 157622 , 159889 , 161624 , 161604 , 
187826 , 188119 , 188291 , 188449 , 188515 , 192095 , 192095 , 192165 , 192165 , 192165 , 192165 , 192165 , 192165 , 192165 , 
79516.1 , 83846.3 , 85311 , 86825.8 , 88820.4 , 105071 , 107151 , 108884 , 110472 , 110472 , 110472 , 110472 , 110472 , 110472 , 
45983.6 , 48862.8 , 50307.5 , 52367.2 , 55375.9 , 66681.7 , 68787 , 69787.4 , 72064.4 , 72064.4 , 72064.4 , 72064.4 , 72064.4 , 72064.4 , 
59594 , 62734.7 , 63943.8 , 65695.1 , 67239.6 , 79450.6 , 81581.5 , 82924.2 , 84135 , 84135 , 84135 , 84135 , 84135 , 84135 , 
20469.4 , 22481.7 , 23627.3 , 25021.1 , 26223.7 , 30811.6 , 32960.5 , 34082 , 35454.8 , 35522.9 , 35625.4 , 35625.4 , 35625.4 , 35625.4 , 
133310 , 135811 , 136971 , 138610 , 139987 , 142839 , 144706 , 150452 , 152638 , 156484 , 159287 , 159841 , 160746 , 160789 , 
96452.4 , 99284 , 100844 , 103038 , 104712 , 118406 , 120646 , 125830 , 128370 , 128535 , 128934 , 128934 , 128934 , 128934 , 
13362 , 15252.1 , 16279.2 , 17082 , 18181.2 , 21852.5 , 23748.4 , 24546.3 , 25096.6 , 25096.6 , 25096.6 , 25096.6 , 25096.6 , 25096.6 , 
88005.1 , 91908.2 , 93733 , 95548.8 , 97625.9 , 107342 , 109372 , 116360 , 119235 , 119798 , 120219 , 120219 , 120238 , 120238 , 
268970 , 286866 , 297702 , 312065 , 329583 , 344289 , 353456 , 360957 , 371349 , 372660 , 381467 , 381813 , 383007 , 383068 , 
922569 , 926185 , 927884 , 930286 , 932665 , 962052 , 963296 , 965146 , 966021 , 970659 , 971503 , 973917 , 975265 , 975384 , 
201039 , 220819 , 231278 , 244170 , 258497 , 267277 , 278350 , 285007 , 297102 , 298817 , 303028 , 303453 , 306876 , 306985 , 
20083.5 , 24987.6 , 26623.5 , 28026.9 , 28722.2 , 30147 , 31099.3 , 35444.6 , 38136.1 , 38174.5 , 38254.2 , 38254.2 , 38254.2 , 38254.2 , 
63118.4 , 74061.4 , 78743.1 , 84265.6 , 91144 , 92992.4 , 97391.5 , 100809 , 105651 , 106319 , 109593 , 109714 , 110592 , 110709 , 
716958 , 732044 , 736340 , 742350 , 751660 , 756574 , 763947 , 774779 , 780051 , 792134 , 801597 , 808548 , 821780 , 821886 , 
29142.2 , 34165.9 , 35874.7 , 38318.4 , 39348.8 , 40448.6 , 41117.5 , 45124.8 , 48427.6 , 48905.9 , 49966.6 , 49966.6 , 50385.7 , 50385.7 , 
609082 , 623832 , 632324 , 644393 , 655147 , 666095 , 672696 , 699551 , 712296 , 723271 , 741759 , 742397 , 745361 , 745361 , 
714869 , 729870 , 734077 , 742522 , 751695 , 755921 , 762031 , 780662 , 787882 , 806003 , 820278 , 824616 , 831214 , 831272 , 
541487 , 557973 , 566190 , 576056 , 589723 , 609665 , 618333 , 646325 , 667901 , 670070 , 674152 , 674152 , 675671 , 675671 , 
29278.4 , 33930.1 , 35946.1 , 38410 , 40558.8 , 41262.2 , 43259.9 , 44146.5 , 45735.1 , 46294.5 , 47943 , 47946.2 , 48435.6 , 48446.9 , 
185374 , 189346 , 190788 , 192265 , 193977 , 193184 , 195146 , 199608 , 201519 , 205962 , 209552 , 210460 , 212482 , 212582 , 
232906 , 234093 , 234796 , 235465 , 236335 , 241893 , 242607 , 244081 , 244834 , 245436 , 246362 , 246921 , 248876 , 248932 , 
209258 , 211322 , 212209 , 213393 , 215031 , 215648 , 217023 , 217503 , 218955 , 221596 , 223564 , 225633 , 229420 , 229831 , 
166150 , 169749 , 171020 , 172688 , 175551 , 175181 , 177767 , 182894 , 185838 , 190198 , 193895 , 194688 , 196202 , 196274 , 
54969.2 , 59192.7 , 60822.5 , 64394.4 , 67826.2 , 72164.1 , 73909.9 , 76311.2 , 79172.4 , 79462.5 , 83139.3 , 83225.1 , 84170.9 , 84170.9 , 
38302.3 , 41476.4 , 44339.9 , 46453.4 , 49628.9 , 52052 , 54098.6 , 55837.7 , 58707.3 , 58813.8 , 59336 , 59355.1 , 59336 , 59345.4 , 
119624 , 124723 , 127086 , 129787 , 133094 , 139482 , 142104 , 146372 , 148517 , 148602 , 149658 , 149658 , 149658 , 149694 , 
31823.9 , 36309.4 , 38264.8 , 40569.7 , 42654.6 , 43788.4 , 45301.1 , 46498.8 , 49083.3 , 49431.8 , 50372 , 50433.3 , 50818.7 , 50818.7 , 
232075 , 240964 , 245247 , 250793 , 258099 , 275493 , 279450 , 289712 , 296163 , 297413 , 302326 , 302326 , 302646 , 302646 , 
323399 , 332063 , 334232 , 338692 , 345530 , 348714 , 353211 , 363619 , 369624 , 374894 , 380260 , 381184 , 384614 , 384850 , 
160384 , 167367 , 170935 , 177369 , 184148 , 199167 , 204208 , 211275 , 215574 , 215727 , 218591 , 218591 , 218854 , 218854 , 
168008 , 178339 , 184104 , 189100 , 196451 , 209717 , 215335 , 221785 , 227511 , 227969 , 230933 , 230942 , 232522 , 232522 , 
163144 , 175979 , 182877 , 189540 , 197507 , 209147 , 211988 , 218829 , 225307 , 226511 , 231003 , 231003 , 232195 , 232195 , 
471656 , 473189 , 473890 , 474590 , 475771 , 493442 , 494836 , 496025 , 496386 , 498196 , 498998 , 498989 , 499447 , 499469 , 
405638 , 409761 , 411507 , 413553 , 416263 , 419777 , 422466 , 424576 , 426057 , 434878 , 438955 , 440487 , 444341 , 444560 , 
168184 , 176530 , 179594 , 185340 , 193888 , 209223 , 213510 , 219663 , 224452 , 226381 , 232799 , 233085 , 236021 , 236021 , 
266521 , 274501 , 277944 , 284736 , 289886 , 299759 , 304605 , 318032 , 324440 , 328099 , 333542 , 333621 , 334998 , 334998 , 
66085.7 , 76483.2 , 79783.3 , 83329.9 , 88452.9 , 92282.4 , 95586.7 , 98926 , 102602 , 103066 , 107000 , 107005 , 109103 , 109120 , 
88100.2 , 101078 , 107577 , 113642 , 120533 , 126908 , 131818 , 134318 , 138706 , 139407 , 144361 , 144645 , 147490 , 147506 , 
366738 , 381982 , 386064 , 394309 , 405181 , 424604 , 432339 , 446256 , 455288 , 458398 , 466257 , 466503 , 467844 , 467844 , 
208143 , 221230 , 227362 , 233076 , 241702 , 266053 , 271642 , 278175 , 287858 , 288587 , 290891 , 290891 , 291142 , 291139 , 
36746.6 , 44261.1 , 47187 , 51924.5 , 56769.8 , 57970.9 , 59883.6 , 63485.2 , 66280.1 , 66769.6 , 68156.1 , 68130.4 , 68526.1 , 68702.4 , 
75162.1 , 86434.6 , 91136 , 97697.8 , 105783 , 111188 , 116577 , 119281 , 123796 , 124155 , 126612 , 126612 , 127659 , 127671 , 
85904.6 , 98480.9 , 105332 , 112121 , 118827 , 123683 , 128189 , 132488 , 139218 , 140327 , 142791 , 142789 , 143601 , 143786 , 
156480 , 167969 , 176449 , 181541 , 194672 , 202287 , 208181 , 215000 , 226783 , 228206 , 234032 , 234101 , 238067 , 238066 , 
188206 , 206087 , 214425 , 221866 , 231984 , 242583 , 251304 , 257068 , 262240 , 262967 , 266767 , 266994 , 268347 , 268429 , 
546509 , 554856 , 559333 , 564479 , 572319 , 575301 , 580547 , 593040 , 597813 , 608974 , 616197 , 622377 , 636581 , 636696 , 
445951 , 458360 , 463993 , 471581 , 480622 , 491969 , 498543 , 519542 , 525853 , 537966 , 551224 , 551818 , 557972 , 557972 , 
318184 , 327056 , 330693 , 336898 , 343450 , 349970 , 355161 , 365136 , 373004 , 377363 , 383174 , 383742 , 387118 , 387118 , 
16547.4 , 19900.3 , 21777.1 , 23904.2 , 26297.6 , 25899.4 , 27430.1 , 27634.8 , 28918.5 , 29153.5 , 30216.4 , 30233.9 , 30634.2 , 30661.8 , 
211870 , 220729 , 226424 , 232707 , 239946 , 252471 , 256011 , 263094 , 268230 , 268922 , 273446 , 273446 , 273446 , 273446 , 
392459 , 399103 , 401939 , 406977 , 414922 , 415819 , 419950 , 430587 , 436175 , 439351 , 444709 , 446444 , 450029 , 450138 , 
9862.46 , 11967.8 , 12733.6 , 13718.5 , 14386 , 14063 , 14815.9 , 15237.1 , 15993.9 , 16349.1 , 17010.2 , 17052 , 17448 , 17459.8 , 
189361 , 200989 , 206693 , 211460 , 221364 , 232007 , 236845 , 242207 , 247106 , 248374 , 253328 , 253366 , 255099 , 255099 , 
449373 , 457209 , 459520 , 462591 , 465472 , 466990 , 470165 , 473710 , 476257 , 480750 , 485178 , 487110 , 492019 , 492532 , 
6809.5 , 7961.24 , 8396.22 , 8833.58 , 9029.1 , 8949.62 , 9408.46 , 9876.24 , 10356.8 , 10463.2 , 10786.8 , 10802.7 , 10891.4 , 10896.5 , 
171566 , 182321 , 187632 , 194369 , 203309 , 212932 , 215414 , 222377 , 227091 , 228433 , 233841 , 233954 , 237597 , 237770 , 
947905 , 954897 , 959159 , 964129 , 970252 , 974077 , 978078 , 984778 , 987665 , 997317 , 1.0022e+06 , 1.0092e+06 , 1.01838e+06 , 1.01919e+06 , 
362469 , 382014 , 391244 , 407706 , 421841 , 446316 , 451987 , 461436 , 474625 , 478393 , 492402 , 492402 , 500265 , 500265 , 
57432.5 , 67028.5 , 71272.8 , 78751.6 , 86444.2 , 89254.7 , 94333.2 , 96921.8 , 100461 , 101690 , 103767 , 104166 , 105317 , 105415 , 
786230 , 800072 , 806346 , 813048 , 823675 , 830456 , 837213 , 850301 , 861066 , 873045 , 885222 , 888048 , 896289 , 896421 , 
192049 , 206624 , 216322 , 228503 , 241805 , 246721 , 257442 , 264137 , 271758 , 274438 , 283116 , 283628 , 291148 , 291116 , 
608157 , 626289 , 634379 , 643729 , 659502 , 676807 , 684562 , 703718 , 715367 , 721105 , 733604 , 735003 , 740153 , 740153 , 
608682 , 634161 , 644013 , 654174 , 667711 , 683490 , 691017 , 709678 , 723311 , 732313 , 748827 , 749918 , 762672 , 762672 , 
27565.6 , 33653.2 , 35342.3 , 37822.9 , 40676.6 , 41335 , 42745.7 , 44146.5 , 46236.5 , 46613.5 , 47565.9 , 47625.5 , 48028.8 , 48030.8 , 
644684 , 662835 , 671577 , 681535 , 692189 , 705737 , 715204 , 734096 , 745035 , 757640 , 773965 , 776706 , 784650 , 784650 , 
639971 , 660762 , 671393 , 681520 , 695755 , 708832 , 716398 , 740468 , 752448 , 760462 , 768881 , 770556 , 777216 , 777216 , 
