milestone, 1, 2, 3, 5, 10, 20, 30, 40, 50, 60, 70, 80, 90, 100
178643 , 182715 , 184519 , 186631 , 189227 , 191258 , 192171 , 199845 , 200552 , 201220 , 201646 , 201739 , 201739 , 201739 , 
62160.3 , 67336.7 , 70304.2 , 73997.4 , 78016.4 , 81992 , 83139.6 , 84067.7 , 84166 , 84837.6 , 84927.9 , 84927.9 , 84927.9 , 84935.3 , 
177863 , 180989 , 182308 , 183721 , 185408 , 187047 , 187746 , 197477 , 199029 , 199547 , 199906 , 200092 , 200255 , 200255 , 
219607 , 220627 , 220857 , 221513 , 222287 , 223628 , 223981 , 231320 , 231681 , 232229 , 232229 , 232490 , 232490 , 232490 , 
224248 , 225292 , 225693 , 226532 , 227308 , 227662 , 227903 , 233475 , 234104 , 234582 , 234668 , 234668 , 234668 , 234668 , 
52666.5 , 57767.9 , 59724.9 , 63820.3 , 69086.2 , 73781.2 , 75603.5 , 78202 , 79473.7 , 79897 , 80115.7 , 80172.6 , 80172.6 , 80172.6 , 
8141.98 , 9488.46 , 9775.1 , 10028.1 , 10143.3 , 10151.6 , 10158.3 , 10431.6 , 10453.4 , 10453.4 , 10453.4 , 10453.4 , 10453.4 , 10453.4 , 
45506.7 , 49103.5 , 51434.7 , 54498.4 , 58720.1 , 61749.1 , 62813.6 , 65297.4 , 65498.5 , 65579.5 , 65804.1 , 65805.1 , 65859.1 , 65859.1 , 
229173 , 230514 , 230810 , 231205 , 231930 , 232237 , 232460 , 237708 , 237993 , 238962 , 239052 , 239227 , 239227 , 239227 , 
19072.4 , 20125.2 , 20921.2 , 21798.6 , 23162.1 , 25752.3 , 26033.2 , 26385.2 , 26516.7 , 26551.5 , 26559.8 , 26559.8 , 26559.8 , 26559.8 , 
13792.5 , 15139.5 , 15856.8 , 16691 , 17567.3 , 18200.7 , 18564.1 , 19546.1 , 19693.8 , 19731.9 , 19741.1 , 19741.1 , 19771.7 , 19771.7 , 
53155.7 , 53759.6 , 54017.5 , 54589.8 , 55333.8 , 55686.3 , 56084.6 , 57230.9 , 57351.1 , 57597.4 , 57683.1 , 57753.7 , 57753.7 , 57753.7 , 
2866.6 , 3240.78 , 3385.82 , 3556.28 , 3648.98 , 3687 , 3695.44 , 3779.7 , 3796.32 , 3796.32 , 3796.32 , 3796.32 , 3796.32 , 3796.32 , 
46351.5 , 47055.2 , 47513.1 , 47930 , 48734.8 , 49243.5 , 49618.5 , 51983.3 , 52134.9 , 52222.2 , 52413 , 52434.4 , 52449.9 , 52449.9 , 
59759.5 , 60167.2 , 60356.5 , 60657.4 , 61005.3 , 61519 , 61648.6 , 62195.2 , 62196.5 , 62347.3 , 62347.3 , 62377.1 , 62390.5 , 62390.5 , 
29313.9 , 31109.8 , 32139.2 , 32909.3 , 34347.6 , 36977.3 , 37204.5 , 37606.8 , 37631 , 37650 , 37650 , 37650 , 37650 , 37650 , 
10874 , 11914.9 , 12451.6 , 13219 , 13957.9 , 14388 , 14567.8 , 14936.4 , 15050.8 , 15156.8 , 15171.4 , 15194.2 , 15195.4 , 15199.1 , 
15513.5 , 17088.4 , 17677 , 18588.6 , 19634 , 20107.8 , 20397.9 , 20757.7 , 20868.1 , 21078.9 , 21113.5 , 21145.8 , 21176.9 , 21176.7 , 
28923.4 , 30317 , 31173.5 , 31947.1 , 33103.5 , 35669.5 , 36028.8 , 36759.7 , 36895.6 , 36988.7 , 37003.7 , 37024.5 , 37052.9 , 37052.9 , 
79342.1 , 81765.2 , 82468.1 , 83812 , 85572 , 87237.6 , 88123.4 , 91635.6 , 92428.6 , 92509.1 , 92509.1 , 92509.1 , 92623.8 , 92623.8 , 
72190 , 74667.6 , 76043.4 , 78042.8 , 80361.1 , 83269.4 , 83892.4 , 86249.4 , 86485.6 , 86706.2 , 86741.8 , 86741.8 , 86741.8 , 86741.8 , 
98542.2 , 99569.4 , 100328 , 101358 , 102801 , 103676 , 104300 , 107098 , 107709 , 108308 , 108668 , 108810 , 108899 , 108899 , 
24878.4 , 27555.8 , 28717.8 , 30837.2 , 32537.1 , 33265.2 , 33735.7 , 35395.5 , 35624.6 , 35774.6 , 35876.9 , 35876.9 , 35876.9 , 35877.4 , 
99772 , 100933 , 101427 , 102211 , 103269 , 103800 , 104267 , 108764 , 108934 , 109017 , 109017 , 109017 , 109017 , 109017 , 
42709.6 , 45816.8 , 47280.3 , 49511.9 , 52383.9 , 58509.5 , 58830.9 , 59353.2 , 59516.7 , 59578.4 , 59578.4 , 59578.4 , 59578.4 , 59578.4 , 
11142.4 , 12593.1 , 13136.7 , 14236.2 , 15263.6 , 15656.8 , 15883.8 , 16739.9 , 16761.5 , 16863.1 , 16885.4 , 16982.4 , 16982.4 , 16983.3 , 
39319.4 , 42404.4 , 43811.9 , 46444.5 , 49125.4 , 54074.1 , 54598.9 , 55430.3 , 55580.4 , 55580.4 , 55580.4 , 55583 , 55622.9 , 55622.9 , 
41560.2 , 44573.3 , 46152.5 , 48312.4 , 50653.8 , 55783.8 , 56544.3 , 57400.2 , 57524.7 , 57524.7 , 57629.4 , 57629.4 , 57629.4 , 57629.4 , 
56580.6 , 59438.9 , 61145 , 62615.4 , 64747.1 , 70759.9 , 71160 , 71961.8 , 72185.6 , 72339.1 , 72460.3 , 72460.3 , 72460.3 , 72460.3 , 
132661 , 135594 , 136595 , 138127 , 140101 , 141635 , 142427 , 149126 , 149682 , 150127 , 150256 , 150256 , 150256 , 150256 , 
187755 , 188279 , 188388 , 188571 , 188620 , 191037 , 191183 , 191253 , 191253 , 191253 , 191253 , 191253 , 191253 , 191253 , 
81800.3 , 84076.8 , 86047.5 , 88353.4 , 90795.5 , 99896.1 , 100408 , 100730 , 100990 , 101202 , 101255 , 101364 , 101364 , 101364 , 
44984.9 , 48992.3 , 50453.4 , 53401.6 , 57302.3 , 60694.5 , 61888.8 , 63978.4 , 64814.7 , 64939.6 , 64939.6 , 64983.1 , 64983.1 , 64983.2 , 
59382.7 , 62376.9 , 64082.1 , 66056.9 , 69058.1 , 75370.7 , 76372.6 , 77700.4 , 77935.6 , 78028.5 , 78028.5 , 78028.5 , 78028.5 , 78028.5 , 
19684.4 , 22014.1 , 23271.8 , 24755.9 , 26522.8 , 27262.7 , 27510.7 , 29662.1 , 29884.2 , 30009.8 , 30009.8 , 30009.8 , 30009.8 , 30011.3 , 
133813 , 136620 , 137886 , 139598 , 141187 , 141987 , 142770 , 147581 , 148832 , 149351 , 149573 , 149701 , 149902 , 149904 , 
97119.6 , 100248 , 101834 , 103788 , 106441 , 113604 , 114417 , 116920 , 117190 , 117411 , 117521 , 117521 , 117521 , 117521 , 
12462.4 , 14628.9 , 15343.9 , 17021.5 , 18620.8 , 19090.3 , 19311.7 , 20476.9 , 20845.4 , 21011.4 , 21090.6 , 21091.2 , 21136.7 , 21136.7 , 
87912.5 , 92637.7 , 94153.8 , 97324.9 , 99716.2 , 107479 , 107984 , 110282 , 110292 , 110645 , 110854 , 110854 , 110854 , 110854 , 
269131 , 287686 , 300847 , 319160 , 338382 , 357282 , 367487 , 371996 , 376287 , 378671 , 380910 , 382124 , 382861 , 383138 , 
922104 , 926274 , 928337 , 929912 , 932925 , 934316 , 935198 , 950352 , 952980 , 955395 , 955960 , 955960 , 955962 , 955962 , 
197403 , 222000 , 231708 , 246737 , 268883 , 280537 , 292308 , 303843 , 307492 , 309175 , 311146 , 311578 , 312742 , 312741 , 
20176 , 23700.1 , 25402.9 , 27056 , 28390.8 , 29004.9 , 29121.6 , 30388.7 , 30495 , 30634.1 , 30669.6 , 30740.4 , 30812.7 , 30814.4 , 
59925.8 , 69086.3 , 74052.9 , 81288.2 , 91658.9 , 96561.5 , 99183.3 , 104027 , 104931 , 105298 , 105298 , 105298 , 105298 , 105298 , 
719017 , 735208 , 741771 , 750562 , 760438 , 763701 , 767487 , 785161 , 791087 , 795579 , 798993 , 799823 , 800587 , 800597 , 
27617 , 32240.9 , 34886 , 37391.4 , 39335.1 , 39847.3 , 40028.1 , 42429.5 , 42515.9 , 42720.3 , 42720.3 , 42720.3 , 42720.3 , 42720.3 , 
612633 , 625970 , 636190 , 649453 , 665427 , 674409 , 681460 , 699851 , 708370 , 711848 , 713726 , 713901 , 714393 , 714396 , 
718660 , 734304 , 740262 , 747912 , 759912 , 764427 , 768163 , 794710 , 800143 , 801775 , 802107 , 802107 , 802107 , 802107 , 
543737 , 560219 , 571073 , 584878 , 597039 , 620412 , 624152 , 635891 , 639088 , 639701 , 639701 , 639701 , 639701 , 639701 , 
28463.7 , 32382.6 , 34567.4 , 37854.8 , 41690.7 , 44192.9 , 46505.2 , 48557.2 , 49278.3 , 50012.1 , 50252.6 , 50280.7 , 50319.9 , 50319.9 , 
185987 , 189740 , 190898 , 192735 , 196092 , 197498 , 199011 , 202292 , 203707 , 204567 , 205434 , 205722 , 206028 , 206038 , 
233560 , 234700 , 235110 , 235957 , 237278 , 237698 , 238159 , 240462 , 240959 , 242319 , 242453 , 242906 , 242999 , 242995 , 
210098 , 212562 , 213684 , 214757 , 216420 , 217240 , 218183 , 224768 , 225224 , 225381 , 225429 , 225429 , 225429 , 225429 , 
166398 , 170612 , 172248 , 175461 , 178287 , 180391 , 182130 , 187546 , 188588 , 188852 , 188934 , 188934 , 188950 , 188950 , 
54927.6 , 59504.7 , 61520.2 , 64972.8 , 69563.4 , 73532.8 , 76599.1 , 79304.2 , 80424.7 , 81079.7 , 81483.5 , 81507.2 , 81662.7 , 81664.3 , 
37412.3 , 42116.9 , 43790.7 , 47062 , 51314.6 , 53851.2 , 56257.7 , 58332.2 , 59412.3 , 59882.5 , 59956.4 , 59999 , 60034.7 , 60034.7 , 
118722 , 125119 , 127308 , 132121 , 136593 , 145768 , 146182 , 146498 , 146648 , 146668 , 146731 , 146731 , 146731 , 146731 , 
32202.8 , 36061.4 , 37506.2 , 40679.3 , 43941.5 , 45838.2 , 47593.9 , 48632.3 , 49212.5 , 49753.3 , 50094.1 , 50362.4 , 50470.2 , 50499.2 , 
230948 , 241783 , 247221 , 254059 , 262500 , 281559 , 282659 , 282994 , 282994 , 283077 , 283465 , 283615 , 283625 , 283630 , 
325641 , 335370 , 338451 , 345038 , 352448 , 356685 , 360152 , 372047 , 374334 , 374790 , 374961 , 374961 , 374961 , 374961 , 
159216 , 169048 , 173508 , 179300 , 189474 , 202736 , 205450 , 207604 , 208844 , 209365 , 210126 , 210290 , 210443 , 210538 , 
165961 , 176823 , 182139 , 190720 , 201793 , 213948 , 218251 , 221348 , 223020 , 223331 , 223659 , 223793 , 223981 , 224149 , 
163495 , 177830 , 183453 , 191937 , 204361 , 217476 , 221545 , 225965 , 227203 , 227972 , 228235 , 228272 , 228471 , 228494 , 
472456 , 473823 , 474427 , 475566 , 476780 , 477783 , 478403 , 486236 , 486261 , 486894 , 486894 , 486894 , 486894 , 486894 , 
408403 , 411827 , 413537 , 416271 , 419104 , 420106 , 421630 , 435054 , 436205 , 436205 , 436205 , 436205 , 436205 , 436205 , 
168250 , 177085 , 181792 , 187778 , 196937 , 211111 , 214566 , 216814 , 217584 , 217983 , 218121 , 218246 , 218528 , 218631 , 
266575 , 275337 , 280191 , 287446 , 297108 , 310634 , 312655 , 317665 , 318577 , 318577 , 318642 , 318642 , 318642 , 318642 , 
61859.5 , 70712.4 , 75322.7 , 81486.1 , 89976.8 , 95818.8 , 100071 , 105833 , 107574 , 108434 , 108888 , 108894 , 109069 , 109069 , 
88510.7 , 99108.5 , 104984 , 112998 , 123734 , 131016 , 137230 , 145413 , 148047 , 148346 , 148348 , 148414 , 148475 , 148475 , 
368483 , 381822 , 388773 , 400985 , 413991 , 435775 , 438179 , 441246 , 442758 , 442807 , 443741 , 443877 , 443877 , 443877 , 
205581 , 218098 , 224418 , 234025 , 248421 , 266795 , 273325 , 277521 , 279960 , 281387 , 282464 , 282881 , 283712 , 283712 , 
34492.2 , 40221.4 , 44298.8 , 50034.9 , 56610.1 , 60346 , 61246.4 , 63577.5 , 63992.5 , 64593.6 , 64638.1 , 64672.7 , 64754 , 64758.8 , 
76475.7 , 85123 , 89945.9 , 98831.7 , 108602 , 115284 , 121228 , 128356 , 131123 , 132998 , 133495 , 133495 , 133510 , 133510 , 
83887.9 , 94078.2 , 100949 , 108118 , 120624 , 128735 , 133748 , 142184 , 143729 , 144297 , 144602 , 144811 , 145066 , 145066 , 
150710 , 166354 , 173936 , 186266 , 200947 , 211780 , 220138 , 228544 , 232498 , 234243 , 235348 , 235469 , 235735 , 235826 , 
184041 , 201086 , 209865 , 222839 , 238040 , 250739 , 259579 , 269403 , 271955 , 273118 , 274026 , 274026 , 274028 , 274049 , 
548295 , 559743 , 565888 , 573596 , 581108 , 585216 , 588779 , 607420 , 610278 , 610424 , 610914 , 610914 , 610914 , 610914 , 
447470 , 461931 , 468270 , 478402 , 489578 , 497900 , 502760 , 517573 , 520762 , 522015 , 522632 , 522632 , 522632 , 522632 , 
319548 , 329298 , 333842 , 341755 , 350303 , 363252 , 365008 , 368661 , 369813 , 370146 , 370300 , 370300 , 370300 , 370308 , 
15430.6 , 18309.6 , 20564.5 , 22966.5 , 26212.3 , 27608.5 , 28506.4 , 29979.4 , 30185.5 , 30292 , 30306.1 , 30321.4 , 30321.4 , 30321.4 , 
211929 , 222207 , 227741 , 236338 , 246683 , 262489 , 264556 , 265065 , 265764 , 265863 , 266145 , 266337 , 266369 , 266416 , 
394141 , 402353 , 407360 , 412871 , 419962 , 423894 , 427697 , 436650 , 438729 , 439359 , 439961 , 439961 , 439961 , 439961 , 
9255.86 , 11871 , 12293.6 , 13470.6 , 14387.6 , 14684.4 , 14733.5 , 15094.7 , 15192 , 15317.2 , 15344.2 , 15348.5 , 15348.5 , 15349.7 , 
194268 , 205193 , 209218 , 219131 , 231821 , 244774 , 249198 , 252884 , 254096 , 254877 , 255394 , 255655 , 256221 , 256259 , 
451766 , 457408 , 460656 , 464856 , 469432 , 471049 , 474071 , 482620 , 485621 , 486277 , 486914 , 486914 , 486914 , 486914 , 
6743.48 , 7804.28 , 8266.48 , 8701.4 , 9033.2 , 9165.56 , 9194.94 , 9450.68 , 9491.4 , 9527.26 , 9529.78 , 9557.78 , 9593.58 , 9594.56 , 
174202 , 185446 , 189963 , 199147 , 210680 , 222904 , 227919 , 231097 , 233807 , 234846 , 236213 , 236686 , 237693 , 237772 , 
948830 , 957027 , 960585 , 968009 , 974751 , 976628 , 979870 , 993747 , 1.00002e+06 , 1.00243e+06 , 1.00498e+06 , 1.00519e+06 , 1.00598e+06 , 1.00599e+06 , 
363116 , 383419 , 392158 , 413491 , 436860 , 463657 , 471584 , 476747 , 481507 , 483282 , 484682 , 485214 , 486792 , 486811 , 
58741.5 , 68053.2 , 71044.4 , 77534.6 , 87910.6 , 95499.3 , 100714 , 102835 , 103759 , 105769 , 106489 , 107052 , 107265 , 107310 , 
789656 , 804839 , 811584 , 821630 , 833869 , 838312 , 844565 , 861039 , 871217 , 872319 , 875661 , 875917 , 876852 , 876888 , 
186326 , 203733 , 212033 , 228308 , 248791 , 263460 , 277622 , 287632 , 293520 , 297944 , 301453 , 302388 , 302936 , 303123 , 
617012 , 631365 , 639572 , 654332 , 672734 , 697686 , 700760 , 707494 , 708596 , 709020 , 710023 , 710023 , 710023 , 710023 , 
614797 , 638352 , 650583 , 667387 , 684840 , 705236 , 709374 , 717019 , 719836 , 720894 , 721546 , 721546 , 721546 , 721546 , 
27906.6 , 32311.4 , 34838.7 , 37740.8 , 40897.4 , 42672.8 , 43200.9 , 44759.4 , 45244.5 , 45270.1 , 45271.6 , 45291.5 , 45291.5 , 45291.5 , 
648428 , 673263 , 681776 , 696922 , 714130 , 727616 , 733406 , 747130 , 750801 , 751711 , 752292 , 752292 , 752292 , 752292 , 
644649 , 664104 , 676234 , 691540 , 710072 , 725845 , 732825 , 739722 , 744309 , 746076 , 747655 , 748683 , 751043 , 751225 , 
