milestone, 1, 2, 3, 5, 10, 20, 30, 40, 50, 60, 70, 80, 90, 100
174993 , 181053 , 183535 , 187108 , 190990 , 192309 , 192794 , 202767 , 203990 , 203990 , 203990 , 203990 , 203990 , 203990 , 
55307.8 , 61585.8 , 65254.1 , 69732.6 , 76743.8 , 82271.4 , 84264.6 , 86508.1 , 86624.4 , 86792.2 , 86847.3 , 86847.3 , 86847.5 , 86847.5 , 
175253 , 178891 , 181016 , 183655 , 187047 , 188552 , 189519 , 201261 , 202874 , 202881 , 202881 , 202881 , 202881 , 202881 , 
218845 , 220541 , 221045 , 222060 , 223630 , 226802 , 227553 , 233150 , 234021 , 235039 , 235125 , 235315 , 235412 , 235412 , 
223589 , 224857 , 225349 , 227610 , 228855 , 230616 , 230858 , 237653 , 238502 , 239238 , 239531 , 239531 , 239531 , 239531 , 
47856.9 , 53822.7 , 56353.7 , 61826.6 , 68819.4 , 75106.7 , 77347.9 , 80418.7 , 81175.7 , 81514.9 , 81629.6 , 81629.6 , 81629.6 , 81629.6 , 
7108.42 , 8649.54 , 9204.16 , 9870.64 , 10110.6 , 10306 , 10305.2 , 11113.7 , 11200 , 11202.5 , 11202.5 , 11202.5 , 11202.5 , 11202.5 , 
40926.4 , 44928.4 , 47356.6 , 51489.8 , 57927.5 , 61720.6 , 63522.4 , 66722.3 , 67391.2 , 67493.3 , 67541 , 67541 , 67541 , 67541 , 
228977 , 230508 , 231224 , 231622 , 232175 , 232467 , 232568 , 238180 , 238375 , 239802 , 240270 , 240632 , 240632 , 240632 , 
18026.3 , 19789.6 , 20444.6 , 21463.8 , 23239 , 25844.5 , 26313 , 26531 , 26598.9 , 26634 , 26650 , 26650 , 26650 , 26650 , 
12768.7 , 14158.2 , 14875.6 , 16048.8 , 17628.7 , 18525.7 , 19000.3 , 20122.8 , 20240.7 , 20304.1 , 20335.8 , 20339.9 , 20339.9 , 20339.9 , 
53129.5 , 53972.7 , 54350.4 , 55134.1 , 56090.6 , 56198 , 56418.1 , 58086.1 , 58316 , 58361.6 , 58377.6 , 58377.6 , 58377.6 , 58377.6 , 
2346.62 , 2804.56 , 3050.52 , 3313.38 , 3625.98 , 3666.32 , 3726.74 , 3840.76 , 3850.62 , 3865.52 , 3865.52 , 3865.52 , 3865.52 , 3865.52 , 
45728.7 , 46867.1 , 47478.4 , 48408.4 , 49284.2 , 49690 , 50032 , 52346.9 , 52670.2 , 52670.2 , 52691.9 , 52691.9 , 52691.9 , 52691.9 , 
60015.8 , 60410.3 , 60617.8 , 61040.3 , 61378.8 , 61667.7 , 61711.7 , 61896.4 , 61899.8 , 61919.9 , 61919.9 , 61919.9 , 61919.9 , 61919.9 , 
28812.4 , 30586.7 , 31476.2 , 32709.8 , 34667 , 37343.2 , 37708.8 , 38711.9 , 38957.8 , 38957.8 , 38957.8 , 38957.8 , 38957.8 , 38957.8 , 
9334.9 , 10463.1 , 11197.9 , 12394.9 , 13768.3 , 14296 , 14740.3 , 15590.7 , 15712.4 , 15721.8 , 15728.6 , 15741.1 , 15741.1 , 15741.1 , 
14574.5 , 16114.7 , 16549.2 , 17667.2 , 19264.8 , 20493.1 , 20907.1 , 21663.6 , 21729.6 , 21743.3 , 21728 , 21745.9 , 21745.9 , 21734.1 , 
28749.5 , 29727.8 , 30336.8 , 31819.2 , 33527.4 , 35707 , 36385.8 , 37231.7 , 37424.5 , 37477.7 , 37507.8 , 37510.7 , 37536 , 37536 , 
77423.7 , 80260.1 , 81784 , 83977.7 , 86660.5 , 88729.5 , 89371.9 , 93497.2 , 93967 , 94056.9 , 94164.3 , 94164.3 , 94164.3 , 94164.3 , 
71071 , 74013.9 , 75462.3 , 77711.7 , 80999.1 , 84328.7 , 85177.1 , 88081.4 , 88813.1 , 89070.6 , 89106.7 , 89106.7 , 89106.7 , 89106.7 , 
97764.1 , 99828.5 , 100498 , 101989 , 103768 , 104303 , 104591 , 110058 , 110446 , 110585 , 110585 , 110585 , 110585 , 110585 , 
23025.1 , 25340.1 , 26799.2 , 29026 , 32180.1 , 33845 , 34675.2 , 37011.8 , 37588.1 , 37603.8 , 37603.8 , 37603.8 , 37603.8 , 37603.8 , 
99027.5 , 101231 , 102132 , 103249 , 104965 , 105295 , 105732 , 108839 , 109014 , 109017 , 109099 , 109144 , 109186 , 109186 , 
39393 , 42996.6 , 44807.7 , 48033.6 , 52311.6 , 59117.5 , 59822 , 60302.3 , 60335 , 60335 , 60335 , 60335 , 60335 , 60335 , 
10379.9 , 11830.2 , 12434 , 13647.3 , 14974.8 , 15775.8 , 16312 , 17735.6 , 17933.2 , 17978.1 , 18012.9 , 18012.9 , 18012.9 , 18012.9 , 
36925.1 , 40984.8 , 42039.6 , 44627.8 , 48681.8 , 54930.7 , 55702.9 , 56375.3 , 56595.3 , 56597.5 , 56660.6 , 56660.6 , 56660.6 , 56660.6 , 
39113.6 , 42802.8 , 44901.2 , 47298.7 , 50946.2 , 56792.8 , 57759.9 , 58381.7 , 58469.8 , 58571.4 , 58571.4 , 58571.4 , 58571.4 , 58571.4 , 
54238.5 , 57346.6 , 58853.9 , 61811.6 , 65258 , 70994.7 , 72135.6 , 73872.6 , 74346.3 , 74388.2 , 74388.2 , 74388.2 , 74388.2 , 74388.2 , 
131089 , 134974 , 136646 , 138661 , 141512 , 143077 , 143839 , 150105 , 150876 , 150944 , 150944 , 150944 , 150944 , 150944 , 
187840 , 188592 , 188713 , 188887 , 188889 , 191611 , 191611 , 191683 , 191683 , 191683 , 191683 , 191683 , 191683 , 191683 , 
77667.2 , 81503.2 , 83163.5 , 86558.6 , 90895 , 102551 , 103178 , 104593 , 104690 , 104852 , 104852 , 104855 , 104908 , 104908 , 
40802.3 , 44893.1 , 47241.3 , 50982.9 , 56895.6 , 61886.1 , 63749.7 , 66158.1 , 66730.7 , 67020.4 , 67064.8 , 67064.8 , 67064.8 , 67064.8 , 
56472.2 , 59491.6 , 61844.4 , 64299 , 68709.5 , 75750.9 , 77185.7 , 78919.9 , 79414.1 , 79438.4 , 79526.6 , 79529.7 , 79579.5 , 79579.5 , 
16935.6 , 19663.7 , 20982.9 , 23129.4 , 26225.4 , 27153.6 , 27625.5 , 30098.7 , 30599.5 , 30680.3 , 30680.3 , 30680.3 , 30680.3 , 30680.3 , 
131942 , 135743 , 137234 , 139798 , 142814 , 144100 , 144920 , 152202 , 153239 , 153304 , 153433 , 153433 , 153433 , 153433 , 
94792.8 , 98014 , 99727.1 , 103344 , 107374 , 114841 , 115764 , 118687 , 119495 , 119547 , 119547 , 119628 , 119628 , 119628 , 
11086.5 , 13212.5 , 14068 , 15954.6 , 18260.7 , 18998.6 , 19537.9 , 21536.8 , 21778.2 , 21846.9 , 21846.9 , 21846.9 , 21846.9 , 21846.9 , 
85280.4 , 89196.5 , 91319.2 , 94971.2 , 100467 , 107762 , 108894 , 112424 , 113273 , 113512 , 113565 , 113565 , 113565 , 113565 , 
246841 , 266694 , 277418 , 301825 , 330057 , 352584 , 366989 , 377876 , 383107 , 385770 , 387130 , 387130 , 387130 , 387130 , 
922067 , 928070 , 929912 , 933595 , 935455 , 936754 , 937015 , 954985 , 956303 , 957795 , 957795 , 957795 , 957795 , 957795 , 
180590 , 205604 , 215086 , 228680 , 257844 , 275149 , 293179 , 302213 , 308394 , 313340 , 315876 , 316192 , 316415 , 316415 , 
15860 , 19799.8 , 21232.8 , 24278.4 , 28128.4 , 28888.1 , 29180.4 , 31282.6 , 31620.7 , 31724.7 , 31853.4 , 31886.7 , 31922.5 , 31924.3 , 
49057.7 , 59490.4 , 66253 , 74062.5 , 87974.4 , 93983.1 , 99561.1 , 103827 , 105265 , 105945 , 106308 , 106308 , 106308 , 106308 , 
704731 , 723700 , 732757 , 745487 , 763716 , 771038 , 778305 , 805231 , 812215 , 814189 , 814363 , 814744 , 815068 , 815068 , 
22951.3 , 27457.9 , 30986.7 , 34336.2 , 38690.3 , 39915.6 , 40350.9 , 43326.9 , 43725 , 43768 , 43804 , 43804 , 43804 , 43804 , 
601161 , 617126 , 625069 , 643373 , 667742 , 684404 , 694324 , 714057 , 723881 , 728492 , 730162 , 730162 , 730170 , 730170 , 
702591 , 719049 , 729730 , 744986 , 764725 , 772198 , 779211 , 803974 , 809472 , 811968 , 812512 , 812512 , 812688 , 812688 , 
523340 , 546491 , 557112 , 573175 , 597085 , 624543 , 633492 , 646288 , 651465 , 653912 , 654376 , 654376 , 654376 , 654376 , 
24200.5 , 28311.6 , 29914.9 , 33637.2 , 39976.1 , 42277.2 , 45760.4 , 48075.5 , 49256.4 , 50084.4 , 50761.5 , 50793.9 , 50821.3 , 50821.3 , 
183783 , 188327 , 189787 , 193402 , 198329 , 200734 , 202930 , 208686 , 210393 , 210884 , 210995 , 210995 , 210995 , 210995 , 
232560 , 234390 , 235516 , 236830 , 238381 , 238795 , 239153 , 243940 , 244355 , 244355 , 244355 , 244355 , 244355 , 244355 , 
208074 , 210568 , 212648 , 215372 , 218409 , 219521 , 220747 , 226430 , 227851 , 228020 , 228102 , 228102 , 228102 , 228102 , 
163323 , 168543 , 170230 , 174330 , 180582 , 182862 , 185257 , 190205 , 192292 , 192998 , 193431 , 193516 , 193566 , 193566 , 
50274.1 , 55825.7 , 58607.7 , 61923.3 , 68929 , 73656.2 , 77338.6 , 79100.2 , 80815.4 , 81652 , 82187.3 , 82207.8 , 82207.8 , 82207.8 , 
34224.6 , 37688.3 , 40681.7 , 43899.5 , 49862.3 , 52269.1 , 56121.4 , 58356.4 , 59924.9 , 60629.9 , 61270.7 , 61298 , 61324.7 , 61324.7 , 
115198 , 120788 , 122828 , 129317 , 137133 , 146388 , 148171 , 149303 , 149736 , 150292 , 150761 , 150761 , 150770 , 150770 , 
27175.7 , 31223.5 , 32706.8 , 36125.3 , 41749.8 , 43967 , 47132.3 , 49005.8 , 50336.7 , 51149.9 , 51529.6 , 51530.9 , 51536.6 , 51536.6 , 
222382 , 231726 , 237187 , 247488 , 261531 , 281377 , 284132 , 286230 , 287007 , 288088 , 288806 , 288806 , 288806 , 288806 , 
318057 , 327765 , 333524 , 343178 , 354043 , 360180 , 366265 , 377871 , 381467 , 383533 , 384752 , 384827 , 384827 , 384827 , 
150964 , 160070 , 163797 , 171857 , 185854 , 201584 , 206406 , 209007 , 210217 , 211076 , 211528 , 211528 , 211528 , 211528 , 
157889 , 168919 , 174706 , 184600 , 200575 , 219922 , 223374 , 225401 , 226242 , 226746 , 227231 , 227295 , 227305 , 227305 , 
150738 , 165551 , 172210 , 182935 , 199318 , 215920 , 220062 , 223122 , 225533 , 226403 , 227059 , 227058 , 227240 , 227240 , 
471480 , 473866 , 475045 , 476642 , 478146 , 479797 , 480214 , 488512 , 489307 , 489398 , 489482 , 489482 , 489482 , 489482 , 
403806 , 410366 , 413327 , 416990 , 422052 , 423519 , 425039 , 437638 , 440524 , 440688 , 440688 , 440688 , 440688 , 440688 , 
156611 , 165938 , 169675 , 180131 , 195859 , 211423 , 215125 , 218330 , 220549 , 221395 , 221785 , 221885 , 221885 , 221885 , 
258802 , 267862 , 273239 , 283347 , 298266 , 313290 , 317783 , 322148 , 323714 , 325053 , 325370 , 325370 , 325370 , 325370 , 
58096.3 , 63960 , 68096 , 75663.1 , 86969.4 , 92176.2 , 100535 , 104977 , 108039 , 109645 , 111079 , 111121 , 111179 , 111179 , 
80040.7 , 91164.8 , 93700.3 , 104815 , 120216 , 127566 , 138445 , 143982 , 148077 , 150396 , 151988 , 152047 , 152047 , 152047 , 
356105 , 369967 , 381072 , 393963 , 415277 , 441224 , 447097 , 453081 , 454626 , 455176 , 455291 , 455399 , 455399 , 455399 , 
190867 , 206196 , 214584 , 226719 , 246819 , 269572 , 276429 , 281027 , 284184 , 285504 , 286076 , 286076 , 286076 , 286076 , 
29468.2 , 34282.5 , 37700.6 , 42908.4 , 53683.1 , 57479.2 , 61174.4 , 63759.2 , 64805.5 , 65638 , 65802 , 65802 , 65802 , 65802 , 
68585.4 , 78338.2 , 82436 , 88032.3 , 104407 , 111006 , 121090 , 128507 , 132161 , 134757 , 136134 , 136143 , 136201 , 136201 , 
74220 , 86326.9 , 90885 , 101041 , 116806 , 123683 , 134029 , 140263 , 143849 , 146410 , 147914 , 147982 , 148119 , 148119 , 
141273 , 154997 , 160246 , 173824 , 190752 , 207246 , 218692 , 227776 , 233710 , 236504 , 238783 , 239192 , 239609 , 239609 , 
171784 , 183665 , 191508 , 203545 , 225655 , 247019 , 257159 , 267388 , 272185 , 274845 , 276073 , 276113 , 276197 , 276197 , 
538144 , 547423 , 553650 , 563507 , 580579 , 586658 , 595108 , 617210 , 627400 , 629384 , 630456 , 630580 , 630580 , 630580 , 
429412 , 440907 , 448426 , 464705 , 484321 , 500049 , 511361 , 527569 , 534828 , 537813 , 539554 , 539753 , 539988 , 539988 , 
309498 , 320223 , 325546 , 334875 , 348121 , 358915 , 367874 , 376264 , 381448 , 383962 , 386287 , 386853 , 387039 , 387039 , 
16613 , 19404.4 , 21144.1 , 24547.9 , 27995 , 28432.6 , 28918.6 , 30284 , 30427.7 , 30499.5 , 30546.1 , 30563.9 , 30576.3 , 30576.3 , 
214861 , 224723 , 231049 , 241522 , 257615 , 275106 , 277732 , 278763 , 279090 , 279401 , 279762 , 279981 , 280124 , 280124 , 
398961 , 406901 , 413669 , 421616 , 432222 , 437127 , 441979 , 450777 , 452890 , 456120 , 456889 , 456889 , 456889 , 456889 , 
9596.14 , 11670.6 , 12619.9 , 13811.4 , 14689.6 , 14797.1 , 14845.2 , 15630.9 , 15633.1 , 15665.9 , 15665.9 , 15665.9 , 15666.2 , 15671.4 , 
192986 , 205269 , 210584 , 222771 , 239889 , 255706 , 260636 , 263253 , 265180 , 266483 , 266975 , 267206 , 267206 , 267206 , 
452496 , 460328 , 463910 , 470835 , 478026 , 480207 , 482866 , 492431 , 494626 , 495189 , 495371 , 495371 , 495371 , 495371 , 
6811.06 , 7892.28 , 8420.08 , 8897.88 , 9237.14 , 9252.1 , 9273.84 , 9499.64 , 9507.96 , 9533.3 , 9549.5 , 9559.62 , 9560.76 , 9559.62 , 
174392 , 184946 , 192004 , 206176 , 223929 , 238162 , 243135 , 245839 , 246865 , 247856 , 248834 , 248998 , 249094 , 249094 , 
953162 , 962800 , 967908 , 975490 , 985811 , 988103 , 991502 , 1.0166e+06 , 1.01975e+06 , 1.01976e+06 , 1.01976e+06 , 1.01989e+06 , 1.01989e+06 , 1.01989e+06 , 
362418 , 391087 , 401821 , 428599 , 461206 , 495319 , 501831 , 504614 , 506586 , 508574 , 509293 , 509603 , 510577 , 510577 , 
57189.1 , 67403.8 , 72126.5 , 81252.4 , 95068.1 , 99293.1 , 104268 , 107768 , 108533 , 109669 , 109707 , 109707 , 109755 , 109755 , 
791427 , 806015 , 816639 , 832665 , 852074 , 860018 , 869042 , 886845 , 889763 , 894922 , 896343 , 896343 , 896343 , 896343 , 
187780 , 210552 , 221449 , 238448 , 265483 , 278631 , 296009 , 302997 , 308611 , 315865 , 318710 , 319153 , 319409 , 319409 , 
614042 , 634639 , 646096 , 664359 , 691704 , 720148 , 725407 , 729043 , 731323 , 733999 , 736161 , 736434 , 736668 , 736668 , 
627140 , 644076 , 655933 , 677762 , 701964 , 723586 , 731015 , 741831 , 746244 , 750808 , 752715 , 752715 , 752835 , 752835 , 
27524.5 , 32841.4 , 35555.9 , 38659.3 , 42491.8 , 42970.4 , 43383.3 , 46006.7 , 46086.2 , 46241.8 , 46369.3 , 46369.3 , 46399.4 , 46399.4 , 
652909 , 676850 , 688291 , 709355 , 735046 , 754131 , 764534 , 772457 , 776927 , 782848 , 784267 , 784500 , 785110 , 785110 , 
655540 , 678135 , 688663 , 708392 , 735553 , 761897 , 767582 , 780265 , 785171 , 786919 , 788033 , 788242 , 788242 , 788242 , 
