milestone, 1, 2, 3, 5, 10, 20, 30, 40, 50, 60, 70, 80, 90, 100
172004 , 176558 , 179013 , 182358 , 184982 , 192245 , 192823 , 194600 , 194879 , 195200 , 195627 , 195813 , 196187 , 196161 , 
55197.4 , 60309.3 , 61680.4 , 65538.3 , 72327.8 , 81421.8 , 82904 , 84437.1 , 85388.9 , 85651.1 , 86249.5 , 86226 , 86667.9 , 86727.7 , 
173356 , 176806 , 178698 , 180560 , 182798 , 192612 , 193523 , 195005 , 195479 , 195705 , 195732 , 195781 , 195990 , 195927 , 
216589 , 216945 , 217383 , 218203 , 219196 , 220186 , 220427 , 220634 , 220838 , 221110 , 221162 , 221645 , 221735 , 221847 , 
220796 , 221524 , 221847 , 222863 , 223846 , 224672 , 225000 , 225796 , 226275 , 226917 , 227329 , 227834 , 227964 , 228172 , 
47315.8 , 49881.7 , 52947.2 , 56566.1 , 62178.6 , 73243.3 , 74189.8 , 77110.6 , 78739.8 , 79432.2 , 80150.3 , 80440.8 , 81517.5 , 81521 , 
5901.44 , 7175.34 , 7852.4 , 8509.94 , 9612.6 , 11553.2 , 11690.5 , 12086.9 , 12230.9 , 12421 , 12557.2 , 12560.2 , 12563.5 , 12563.8 , 
41528.1 , 44148.3 , 45780.7 , 48129.8 , 54424.6 , 62841.8 , 63655 , 66192.7 , 66830.5 , 67496.8 , 68366.2 , 68504.1 , 68927.3 , 68927.3 , 
227010 , 227456 , 228172 , 228769 , 229578 , 230854 , 230974 , 231165 , 231264 , 231248 , 231263 , 231241 , 231329 , 231314 , 
17566.9 , 18640.6 , 19190.9 , 19871.6 , 21367.6 , 24947.1 , 25265.9 , 26381.8 , 26536.4 , 26711.5 , 26785.1 , 26833.9 , 26879.7 , 26879.7 , 
12042.7 , 13498.3 , 13884.1 , 14620.3 , 15894.4 , 18706.2 , 19077.4 , 19849.7 , 20103.8 , 20223.5 , 20416.9 , 20484.9 , 20651.2 , 20651.2 , 
51840.5 , 52151.9 , 52375.4 , 52642.5 , 53031.6 , 53492.6 , 53656.7 , 53958 , 54117.6 , 54188.4 , 54178.5 , 54538.9 , 54601.5 , 54496 , 
2378.06 , 2747.3 , 2852.58 , 3133.78 , 3338.62 , 4149.24 , 4248.5 , 4392.96 , 4467.34 , 4549.56 , 4590.58 , 4611.5 , 4641.04 , 4641.04 , 
45069.7 , 45754.2 , 46428.9 , 46932.3 , 47392.6 , 50709.1 , 51096.2 , 51317.8 , 51512.9 , 51776.7 , 52284.2 , 52368.9 , 52611.6 , 52606.8 , 
59234.4 , 59299.7 , 59537.7 , 59664.6 , 59878.8 , 60131.7 , 60199.5 , 60320.5 , 60168.5 , 60304.5 , 60388.7 , 60380.4 , 60275 , 60372.3 , 
27486.4 , 28792.7 , 29426.9 , 31020.7 , 32428.1 , 36292.8 , 36350.5 , 37242.5 , 37712.5 , 37899.8 , 38319.9 , 38558.6 , 38772 , 38772 , 
9398.74 , 10414.8 , 10786.1 , 11456.8 , 12769.8 , 14774.6 , 15092 , 15556.7 , 15693 , 15768.1 , 15862.2 , 15951.1 , 16039.4 , 16036.9 , 
13411.1 , 14961.6 , 15701.4 , 16315.5 , 17779.4 , 20332.9 , 20685.9 , 21059.1 , 21254 , 21624.8 , 21763.8 , 21806.7 , 21874.4 , 21863.5 , 
27473.6 , 28446.9 , 29159.5 , 30058 , 31364.9 , 35825.4 , 36225.5 , 36808.2 , 37210.7 , 37330.2 , 37555.1 , 37555.1 , 37703.9 , 37703.9 , 
76762.7 , 78934.6 , 79612.8 , 81501.4 , 83412.8 , 89857.6 , 90272.9 , 92204 , 92911 , 93465.1 , 94273.3 , 94548.9 , 94891.8 , 94892.5 , 
68227 , 70415.6 , 71924.8 , 74121.9 , 76860.2 , 84335.9 , 84920.3 , 86979.1 , 87755.2 , 89092.7 , 89407.8 , 89564.6 , 90112.8 , 90103.1 , 
96515.5 , 97621.2 , 98218.1 , 99196.3 , 99897.8 , 102619 , 102979 , 103586 , 103409 , 103686 , 103545 , 104047 , 104078 , 104105 , 
22067.4 , 24456.3 , 25063.4 , 26872.4 , 29455.6 , 34214.1 , 34661 , 35629.7 , 35962.2 , 36394.4 , 36594.7 , 36812.9 , 37148.7 , 37164.8 , 
97501.9 , 98283.2 , 99135 , 99691 , 100475 , 102094 , 102142 , 102728 , 102711 , 103068 , 103215 , 103487 , 103466 , 103398 , 
39515.6 , 41710 , 42860.1 , 44798.5 , 48690.7 , 55295.9 , 55837.8 , 57341.7 , 58197.8 , 59172.9 , 59439.3 , 59825.6 , 60348.8 , 60343 , 
9872.34 , 10856.7 , 11260.4 , 12164.8 , 13881.2 , 17255.6 , 17627.3 , 18239.2 , 18532.7 , 18826.6 , 18934.7 , 19002.5 , 19187.1 , 19185.8 , 
36499.2 , 38875.8 , 40221.9 , 42116.9 , 45459.4 , 53028.9 , 54045.3 , 55445.8 , 56269.1 , 56645.6 , 57123.9 , 57237.3 , 57642 , 57642 , 
38313.2 , 40299.3 , 41807.5 , 43574.3 , 47268.3 , 53800.6 , 54767.3 , 57098.4 , 57286.1 , 57775.2 , 58211.5 , 58257 , 58576.6 , 58576.6 , 
52622.6 , 55376 , 56377.8 , 58522.9 , 61918 , 69767.4 , 70530.2 , 72023.8 , 72604.7 , 73255.1 , 73919.8 , 74030.1 , 74802.3 , 74804 , 
129810 , 132405 , 133324 , 135046 , 136748 , 142174 , 142847 , 143516 , 143789 , 144683 , 145361 , 145577 , 145746 , 145666 , 
188392 , 188414 , 188453 , 188495 , 188506 , 188531 , 188480 , 188517 , 188531 , 188518 , 188536 , 188505 , 188505 , 188541 , 
75122.5 , 79018.4 , 80909.7 , 83258.2 , 86839.3 , 99621 , 100492 , 102764 , 103964 , 104629 , 105284 , 105536 , 105943 , 105943 , 
41813.6 , 44451.7 , 46846.1 , 48639.3 , 52646.7 , 63849.4 , 65009.5 , 67617 , 67974.1 , 68489.7 , 68848.1 , 68995.3 , 69130 , 69130 , 
52617.9 , 56452.9 , 58232.8 , 60617.7 , 64887.3 , 74829.1 , 75471.9 , 77944.4 , 78851.3 , 79463 , 79987.9 , 80208.6 , 80575.2 , 80575.2 , 
16726.3 , 18764 , 19675.5 , 20754.5 , 23462.7 , 28274.4 , 28950.1 , 30332.6 , 30686.3 , 31217.4 , 31331.5 , 31331.1 , 31541.7 , 31532.8 , 
129849 , 133098 , 134290 , 136044 , 138438 , 144599 , 144960 , 145452 , 145751 , 146143 , 146710 , 146993 , 147115 , 147125 , 
91640.2 , 95369.5 , 97294.9 , 99134.7 , 102822 , 114597 , 116422 , 119076 , 120427 , 121429 , 122095 , 122095 , 122530 , 122530 , 
11616.1 , 12916.6 , 13571.4 , 14568 , 16599.7 , 21029.4 , 21435.7 , 22816.5 , 23075.8 , 23261.2 , 23537.1 , 23537.1 , 23775.9 , 23785.6 , 
82530.5 , 86490.9 , 88530.9 , 91064.6 , 95556.6 , 106848 , 108159 , 110879 , 111577 , 112712 , 114233 , 114661 , 114929 , 114929 , 
250308 , 258443 , 267009 , 279195 , 302751 , 348520 , 352468 , 358892 , 361261 , 365134 , 369396 , 371007 , 373965 , 374090 , 
912822 , 914595 , 916267 , 917911 , 922471 , 926405 , 928200 , 928748 , 930351 , 931458 , 932115 , 932617 , 933153 , 933327 , 
190606 , 203860 , 210284 , 222163 , 240777 , 275273 , 279589 , 285355 , 287797 , 289883 , 291410 , 294225 , 297489 , 297475 , 
14954.3 , 18403.1 , 19461.5 , 21440.8 , 24729.8 , 29602.9 , 30064.7 , 31319 , 31562.1 , 31591.2 , 32013.5 , 31996.6 , 32004.8 , 32007.8 , 
56301.7 , 63590 , 65855.7 , 70213.7 , 79521.8 , 93833.7 , 95659.6 , 97146 , 98207.9 , 98622.1 , 99575.6 , 99713.3 , 100586 , 100755 , 
702836 , 713261 , 717811 , 727183 , 739330 , 769738 , 769656 , 775762 , 775850 , 777781 , 777392 , 777990 , 778466 , 778318 , 
22951.3 , 27457.9 , 30986.7 , 34336.2 , 38690.3 , 39915.6 , 40350.9 , 43326.9 , 43725 , 43768 , 43804 , 43804 , 43804 , 43804 , 
601161 , 617126 , 625069 , 643373 , 667742 , 684404 , 694324 , 714057 , 723881 , 728492 , 730162 , 730162 , 730170 , 730170 , 
702591 , 719049 , 729730 , 744986 , 764725 , 772198 , 779211 , 803974 , 809472 , 811968 , 812512 , 812512 , 812688 , 812688 , 
523340 , 546491 , 557112 , 573175 , 597085 , 624543 , 633492 , 646288 , 651465 , 653912 , 654376 , 654376 , 654376 , 654376 , 
24200.5 , 28311.6 , 29914.9 , 33637.2 , 39976.1 , 42277.2 , 45760.4 , 48075.5 , 49256.4 , 50084.4 , 50761.5 , 50793.9 , 50821.3 , 50821.3 , 
183783 , 188327 , 189787 , 193402 , 198329 , 200734 , 202930 , 208686 , 210393 , 210884 , 210995 , 210995 , 210995 , 210995 , 
232560 , 234390 , 235516 , 236830 , 238381 , 238795 , 239153 , 243940 , 244355 , 244355 , 244355 , 244355 , 244355 , 244355 , 
208074 , 210568 , 212648 , 215372 , 218409 , 219521 , 220747 , 226430 , 227851 , 228020 , 228102 , 228102 , 228102 , 228102 , 
163323 , 168543 , 170230 , 174330 , 180582 , 182862 , 185257 , 190205 , 192292 , 192998 , 193431 , 193516 , 193566 , 193566 , 
50274.1 , 55825.7 , 58607.7 , 61923.3 , 68929 , 73656.2 , 77338.6 , 79100.2 , 80815.4 , 81652 , 82187.3 , 82207.8 , 82207.8 , 82207.8 , 
34224.6 , 37688.3 , 40681.7 , 43899.5 , 49862.3 , 52269.1 , 56121.4 , 58356.4 , 59924.9 , 60629.9 , 61270.7 , 61298 , 61324.7 , 61324.7 , 
115198 , 120788 , 122828 , 129317 , 137133 , 146388 , 148171 , 149303 , 149736 , 150292 , 150761 , 150761 , 150770 , 150770 , 
27175.7 , 31223.5 , 32706.8 , 36125.3 , 41749.8 , 43967 , 47132.3 , 49005.8 , 50336.7 , 51149.9 , 51529.6 , 51530.9 , 51536.6 , 51536.6 , 
222382 , 231726 , 237187 , 247488 , 261531 , 281377 , 284132 , 286230 , 287007 , 288088 , 288806 , 288806 , 288806 , 288806 , 
318057 , 327765 , 333524 , 343178 , 354043 , 360180 , 366265 , 377871 , 381467 , 383533 , 384752 , 384827 , 384827 , 384827 , 
150964 , 160070 , 163797 , 171857 , 185854 , 201584 , 206406 , 209007 , 210217 , 211076 , 211528 , 211528 , 211528 , 211528 , 
157889 , 168919 , 174706 , 184600 , 200575 , 219922 , 223374 , 225401 , 226242 , 226746 , 227231 , 227295 , 227305 , 227305 , 
150738 , 165551 , 172210 , 182935 , 199318 , 215920 , 220062 , 223122 , 225533 , 226403 , 227059 , 227058 , 227240 , 227240 , 
471480 , 473866 , 475045 , 476642 , 478146 , 479797 , 480214 , 488512 , 489307 , 489398 , 489482 , 489482 , 489482 , 489482 , 
403806 , 410366 , 413327 , 416990 , 422052 , 423519 , 425039 , 437638 , 440524 , 440688 , 440688 , 440688 , 440688 , 440688 , 
156611 , 165938 , 169675 , 180131 , 195859 , 211423 , 215125 , 218330 , 220549 , 221395 , 221785 , 221885 , 221885 , 221885 , 
258802 , 267862 , 273239 , 283347 , 298266 , 313290 , 317783 , 322148 , 323714 , 325053 , 325370 , 325370 , 325370 , 325370 , 
58096.3 , 63960 , 68096 , 75663.1 , 86969.4 , 92176.2 , 100535 , 104977 , 108039 , 109645 , 111079 , 111121 , 111179 , 111179 , 
80040.7 , 91164.8 , 93700.3 , 104815 , 120216 , 127566 , 138445 , 143982 , 148077 , 150396 , 151988 , 152047 , 152047 , 152047 , 
356105 , 369967 , 381072 , 393963 , 415277 , 441224 , 447097 , 453081 , 454626 , 455176 , 455291 , 455399 , 455399 , 455399 , 
190867 , 206196 , 214584 , 226719 , 246819 , 269572 , 276429 , 281027 , 284184 , 285504 , 286076 , 286076 , 286076 , 286076 , 
29468.2 , 34282.5 , 37700.6 , 42908.4 , 53683.1 , 57479.2 , 61174.4 , 63759.2 , 64805.5 , 65638 , 65802 , 65802 , 65802 , 65802 , 
68585.4 , 78338.2 , 82436 , 88032.3 , 104407 , 111006 , 121090 , 128507 , 132161 , 134757 , 136134 , 136143 , 136201 , 136201 , 
74220 , 86326.9 , 90885 , 101041 , 116806 , 123683 , 134029 , 140263 , 143849 , 146410 , 147914 , 147982 , 148119 , 148119 , 
133199 , 154227 , 162193 , 175343 , 196225 , 207570 , 220575 , 227499 , 232106 , 234955 , 237155 , 237586 , 237716 , 237716 , 
166326 , 185471 , 193553 , 211125 , 232607 , 248891 , 260076 , 268511 , 272371 , 275520 , 277195 , 277534 , 277706 , 277706 , 
539791 , 556015 , 561670 , 570691 , 584376 , 589291 , 595224 , 615781 , 620006 , 620413 , 620548 , 620681 , 620681 , 620681 , 
435360 , 451844 , 458165 , 472064 , 492468 , 503191 , 511025 , 525748 , 531800 , 533979 , 534362 , 534615 , 534615 , 534615 , 
312674 , 321033 , 326242 , 336233 , 351885 , 363025 , 370867 , 375765 , 378543 , 380032 , 381383 , 382145 , 382607 , 382607 , 
12941.4 , 15982.6 , 17529.9 , 20443.1 , 25183.9 , 26576.9 , 28369.6 , 29943.9 , 30484.5 , 30731.3 , 30857.1 , 30852.2 , 30884.8 , 30884.8 , 
202097 , 213873 , 218614 , 228153 , 244440 , 262910 , 265135 , 267184 , 268021 , 268409 , 268836 , 268992 , 268992 , 268992 , 
390918 , 398180 , 403576 , 411517 , 424193 , 429805 , 436197 , 443857 , 447893 , 449834 , 451093 , 451159 , 451159 , 451159 , 
7511.36 , 9192.3 , 10081.4 , 11289.5 , 13673.9 , 14247 , 14771.8 , 16128.4 , 16416.7 , 16458.2 , 16458.2 , 16458.2 , 16458.2 , 16458.2 , 
176653 , 189124 , 195450 , 203607 , 219419 , 239148 , 243970 , 250293 , 252463 , 253314 , 254029 , 254044 , 254241 , 254241 , 
445965 , 452415 , 455263 , 462847 , 470906 , 474259 , 479611 , 491923 , 496592 , 498553 , 499027 , 499108 , 499108 , 499108 , 
6811.06 , 7892.28 , 8420.08 , 8897.88 , 9237.14 , 9252.1 , 9273.84 , 9499.64 , 9507.96 , 9533.3 , 9549.5 , 9559.62 , 9560.76 , 9559.62 , 
174392 , 184946 , 192004 , 206176 , 223929 , 238162 , 243135 , 245839 , 246865 , 247856 , 248834 , 248998 , 249094 , 249094 , 
953162 , 962800 , 967908 , 975490 , 985811 , 988103 , 991502 , 1.0166e+06 , 1.01975e+06 , 1.01976e+06 , 1.01976e+06 , 1.01989e+06 , 1.01989e+06 , 1.01989e+06 , 
362418 , 391087 , 401821 , 428599 , 461206 , 495319 , 501831 , 504614 , 506586 , 508574 , 509293 , 509603 , 510577 , 510577 , 
57189.1 , 67403.8 , 72126.5 , 81252.4 , 95068.1 , 99293.1 , 104268 , 107768 , 108533 , 109669 , 109707 , 109707 , 109755 , 109755 , 
791427 , 806015 , 816639 , 832665 , 852074 , 860018 , 869042 , 886845 , 889763 , 894922 , 896343 , 896343 , 896343 , 896343 , 
187780 , 210552 , 221449 , 238448 , 265483 , 278631 , 296009 , 302997 , 308611 , 315865 , 318710 , 319153 , 319409 , 319409 , 
614042 , 634639 , 646096 , 664359 , 691704 , 720148 , 725407 , 729043 , 731323 , 733999 , 736161 , 736434 , 736668 , 736668 , 
627140 , 644076 , 655933 , 677762 , 701964 , 723586 , 731015 , 741831 , 746244 , 750808 , 752715 , 752715 , 752835 , 752835 , 
27524.5 , 32841.4 , 35555.9 , 38659.3 , 42491.8 , 42970.4 , 43383.3 , 46006.7 , 46086.2 , 46241.8 , 46369.3 , 46369.3 , 46399.4 , 46399.4 , 
652909 , 676850 , 688291 , 709355 , 735046 , 754131 , 764534 , 772457 , 776927 , 782848 , 784267 , 784500 , 785110 , 785110 , 
655431 , 677965 , 689118 , 708665 , 732488 , 756562 , 762004 , 769182 , 772141 , 774084 , 774815 , 774815 , 774815 , 774815 , 
