milestone, 1, 2, 3, 5, 10, 20, 30, 40, 50, 60, 70, 80, 90, 100
175763 , 178478 , 180661 , 183604 , 187155 , 190476 , 191401 , 192096 , 192471 , 192718 , 192760 , 192829 , 192901 , 192911 , 
54915.1 , 60578.6 , 64571.5 , 68799.9 , 75126.1 , 79437.2 , 80298.8 , 80965.1 , 81159.6 , 81327.1 , 81384.3 , 81521.5 , 81568.3 , 81586 , 
174467 , 177573 , 179797 , 181949 , 184925 , 186592 , 187427 , 188130 , 188432 , 188600 , 188847 , 188917 , 188941 , 189000 , 
218526 , 219697 , 219882 , 220778 , 222120 , 223162 , 223394 , 223686 , 223721 , 223790 , 223947 , 224104 , 224152 , 224165 , 
223030 , 224552 , 225046 , 225864 , 227395 , 228799 , 229152 , 229324 , 229442 , 229495 , 229506 , 229570 , 229590 , 229612 , 
47473 , 52857.5 , 55597.1 , 59412.6 , 66351.2 , 71454.6 , 73030.9 , 73550.5 , 73740.8 , 73849.6 , 73988.5 , 73991.1 , 74036.4 , 74134.8 , 
7305.78 , 8326.74 , 8840.94 , 9644 , 10083.3 , 10129.7 , 10146.3 , 10151.1 , 10150.1 , 10148.9 , 10146.6 , 10150.6 , 10149.7 , 10150 , 
40134.7 , 43814.2 , 46569.4 , 50416.7 , 56298.2 , 60238.9 , 61470.7 , 61925 , 62125.3 , 62274.3 , 62322.3 , 62334.1 , 62341.6 , 62350.1 , 
228340 , 229800 , 230335 , 230744 , 231506 , 232125 , 232280 , 232420 , 232475 , 232557 , 232567 , 232605 , 232598 , 232576 , 
17364.6 , 18874.2 , 19476.2 , 20524 , 22176.5 , 23430.3 , 23931.3 , 24395 , 24530.9 , 24608.2 , 24653 , 24699.1 , 24713.9 , 24733.8 , 
12311.9 , 13836 , 14486.1 , 15636.2 , 16935.5 , 17998.9 , 18199.4 , 18341.3 , 18378 , 18403.5 , 18409.9 , 18420.5 , 18423 , 18428.9 , 
52750 , 53252.1 , 53559.5 , 54143.4 , 55015 , 55672.9 , 56047.8 , 56317.1 , 56384 , 56440.6 , 56467.6 , 56481.1 , 56485 , 56497.6 , 
2334.84 , 2671.04 , 2912.36 , 3258.08 , 3553.16 , 3649.82 , 3681.6 , 3688.62 , 3698.66 , 3698.78 , 3701.26 , 3701.98 , 3702.08 , 3702.9 , 
45200.5 , 46056.3 , 46712.1 , 47195.7 , 48202 , 49032.6 , 49436.9 , 49680.7 , 49832.7 , 49915.9 , 49974.9 , 50017.6 , 50088.7 , 50095.3 , 
59697.5 , 59956.3 , 60152.2 , 60449.4 , 60917.5 , 61176.4 , 61308.6 , 61349.1 , 61398.6 , 61426 , 61422.7 , 61427.6 , 61450.6 , 61451.8 , 
28327.6 , 29935.5 , 30963.6 , 31991.9 , 33665.2 , 34797.7 , 35244.8 , 35601.7 , 35743.9 , 35829.5 , 35916.8 , 35939.7 , 35953.5 , 35980.1 , 
9136.3 , 10366.3 , 11154.2 , 11968.4 , 13462.4 , 14291.2 , 14406 , 14467.9 , 14475.2 , 14497.5 , 14497 , 14513.2 , 14513.5 , 14516 , 
14690.5 , 15668.4 , 16021.1 , 17109.2 , 18728.5 , 20458.2 , 21141.4 , 21305.4 , 21419.3 , 21498.2 , 21612.1 , 21643.4 , 21663.2 , 21663.3 , 
28311.5 , 29344 , 29682.2 , 30800.9 , 32038.3 , 34644.4 , 35409.7 , 36037 , 36299.6 , 36394.3 , 36519.9 , 36519.9 , 36519.9 , 36519.9 , 
76995.7 , 79399.5 , 80717.4 , 82414.2 , 84760.5 , 87255.4 , 88246.9 , 92268.8 , 93542.9 , 93656.3 , 93768.5 , 93768.5 , 93768.5 , 93768.5 , 
69478.8 , 71845.8 , 73070.8 , 75352.7 , 78308.4 , 82933.8 , 84462.1 , 87888.5 , 88446.5 , 88446.5 , 88446.5 , 88446.5 , 88446.5 , 88446.5 , 
97675.6 , 98907.8 , 99439.1 , 100505 , 101709 , 102930 , 103921 , 105386 , 106328 , 107225 , 107618 , 107845 , 108394 , 108413 , 
23171.1 , 25551.2 , 26429.1 , 28452 , 31473.5 , 33694.3 , 34548 , 35537 , 35947.2 , 36113.9 , 36196.4 , 36199.7 , 36231.5 , 36258.3 , 
98525.3 , 100117 , 100769 , 101588 , 102987 , 103732 , 104538 , 108882 , 109481 , 109649 , 109777 , 109777 , 109777 , 109777 , 
39972.2 , 42783.7 , 44245.4 , 46666.7 , 50323.3 , 58060.9 , 58879.4 , 59015.8 , 59082.7 , 59120.5 , 59204.5 , 59204.5 , 59204.5 , 59204.5 , 
9958.2 , 11139.7 , 12037 , 12990 , 14712.2 , 15520.3 , 16255.8 , 16842.5 , 17091.8 , 17256.5 , 17423.1 , 17488.8 , 17547.6 , 17550.7 , 
37476.8 , 40030 , 41347.8 , 43379.2 , 47450.8 , 53626.9 , 54277.2 , 54467.1 , 54664.2 , 54664.8 , 54664.8 , 54664.8 , 54701.3 , 54727.4 , 
38760.1 , 42706.3 , 43743.8 , 46274.2 , 49318.2 , 56498.5 , 57103 , 57303.2 , 57332.7 , 57332.7 , 57408.9 , 57408.9 , 57408.9 , 57408.9 , 
54263.3 , 56632.3 , 58363.3 , 60188.2 , 62994.4 , 69306.6 , 70520 , 72349.2 , 72684.4 , 72684.4 , 72684.4 , 72684.4 , 72713.6 , 72713.6 , 
130679 , 133123 , 134632 , 136383 , 138744 , 141044 , 142568 , 150333 , 151545 , 151672 , 151743 , 151743 , 151743 , 151748 , 
188422 , 188469 , 188513 , 188546 , 188596 , 191528 , 191604 , 191674 , 191674 , 191674 , 191674 , 191674 , 191674 , 191674 , 
75407.3 , 79353.6 , 81395.7 , 84069.3 , 88346.8 , 100306 , 101091 , 101387 , 101618 , 101612 , 101608 , 101702 , 101801 , 101806 , 
41061.4 , 45403.9 , 47579.9 , 50027.3 , 54607.3 , 61924.7 , 63461.4 , 64566.9 , 65218.4 , 65218.4 , 65218.4 , 65218.4 , 65318.5 , 65318.5 , 
54736.9 , 58172.5 , 60281.4 , 63060.2 , 66752.6 , 76565.6 , 77831.2 , 78340.1 , 78578.8 , 78578.8 , 78578.8 , 78578.8 , 78578.8 , 78578.8 , 
17830.4 , 19222.2 , 20632.6 , 22959.6 , 25441.9 , 27014.3 , 27783 , 29812.3 , 30657.2 , 30691.7 , 30815.4 , 30815.4 , 30880.8 , 30879.6 , 
130162 , 133833 , 135301 , 137458 , 139950 , 141928 , 143830 , 145369 , 147604 , 148355 , 149284 , 149430 , 150119 , 150127 , 
93431.6 , 96935.4 , 98765.8 , 101215 , 104950 , 113663 , 114691 , 117049 , 117849 , 117905 , 117905 , 117945 , 118070 , 118070 , 
11815.8 , 13368.2 , 14039.6 , 15709.7 , 17729.1 , 18816.4 , 19633.7 , 21218.9 , 21909.2 , 22020.4 , 22066.2 , 22066.2 , 22066.2 , 22066.2 , 
85153.7 , 89104.1 , 90921.5 , 93730.2 , 97781.4 , 107213 , 108167 , 110511 , 111021 , 111265 , 111587 , 111587 , 111587 , 111587 , 
241762 , 264786 , 273414 , 294836 , 321603 , 343376 , 356208 , 362827 , 367191 , 368507 , 369320 , 369969 , 370298 , 370871 , 
919379 , 923561 , 924875 , 928816 , 932320 , 936651 , 937473 , 950145 , 953899 , 956692 , 960488 , 960484 , 961415 , 961415 , 
174919 , 198699 , 205791 , 226977 , 251518 , 267920 , 283804 , 298748 , 306157 , 306859 , 308451 , 308877 , 309754 , 309892 , 
16177.7 , 19073.5 , 20745.4 , 23294.8 , 27677.1 , 28396.5 , 28970.1 , 31155.1 , 31510.2 , 31960.2 , 32099.8 , 32099.8 , 32099.8 , 32099.8 , 
48403.6 , 55456.1 , 61468.9 , 70234.9 , 84652.3 , 90635.7 , 97853.7 , 104494 , 106349 , 106797 , 107039 , 107039 , 107039 , 107039 , 
708569 , 723949 , 728984 , 738716 , 753843 , 761888 , 769987 , 788792 , 798314 , 800727 , 804522 , 805052 , 807114 , 807116 , 
21351 , 26472.2 , 28728.3 , 32978.3 , 37475.9 , 38911 , 40004.6 , 43206.5 , 43806 , 43845 , 43845 , 43893.1 , 43845 , 43845 , 
595276 , 612145 , 622539 , 635507 , 656399 , 674382 , 683970 , 702320 , 711117 , 711956 , 712826 , 712826 , 712826 , 712826 , 
697418 , 710792 , 720374 , 734170 , 749435 , 759162 , 768451 , 802120 , 809535 , 809535 , 809535 , 809535 , 809535 , 809535 , 
522141 , 545039 , 554515 , 566399 , 585991 , 611345 , 617651 , 632586 , 638120 , 638237 , 638832 , 638832 , 639675 , 639675 , 
25283.2 , 28727.8 , 30021.3 , 33873 , 38754 , 41497.1 , 44783.4 , 47095.4 , 48293.6 , 48814.8 , 49230.8 , 49227 , 49255.1 , 49255.1 , 
181821 , 186137 , 188155 , 190666 , 194545 , 195680 , 197509 , 200233 , 203468 , 204106 , 205113 , 205246 , 206302 , 206394 , 
232156 , 233396 , 234010 , 235236 , 236566 , 237659 , 238298 , 240249 , 241009 , 241567 , 242575 , 242698 , 243511 , 243532 , 
207984 , 209716 , 210983 , 213117 , 215543 , 216367 , 217750 , 225024 , 226204 , 226204 , 226204 , 226204 , 226204 , 226204 , 
161911 , 166621 , 168123 , 171547 , 175712 , 178720 , 181177 , 187684 , 189500 , 189500 , 189500 , 189500 , 189500 , 189500 , 
49749.1 , 53490.1 , 56331.6 , 59845.2 , 65719.7 , 70851.4 , 73751.7 , 76125.1 , 77754 , 78203.3 , 78692.6 , 78710.8 , 78789 , 78811.9 , 
34139.7 , 39006.4 , 40360.2 , 43003.9 , 48138.5 , 50715.7 , 54020.7 , 56636.9 , 58030.9 , 58410.9 , 58825.6 , 58876.5 , 58992.6 , 59037 , 
115508 , 120271 , 122489 , 127565 , 132933 , 141688 , 143881 , 145374 , 146291 , 146305 , 146309 , 146350 , 146471 , 146471 , 
26766.5 , 29702 , 31238.2 , 35317.2 , 40325.3 , 42800.9 , 45908.1 , 47184.3 , 48428 , 48866.2 , 49420.6 , 49540.4 , 49622.5 , 49706.3 , 
220309 , 232646 , 237185 , 246162 , 256775 , 275419 , 279017 , 281988 , 283169 , 283169 , 283169 , 283169 , 283169 , 283170 , 
318844 , 326929 , 330564 , 337937 , 346818 , 351720 , 358100 , 370978 , 374282 , 374613 , 374933 , 374933 , 374933 , 374933 , 
148584 , 157142 , 164092 , 170240 , 182524 , 198536 , 202073 , 203607 , 204528 , 204600 , 204706 , 204921 , 205089 , 205342 , 
153681 , 163652 , 167799 , 176834 , 191928 , 211501 , 216010 , 217495 , 217883 , 218049 , 218346 , 218588 , 219114 , 219207 , 
156119 , 166972 , 171959 , 179708 , 194686 , 211954 , 216053 , 217242 , 218161 , 218529 , 218824 , 219264 , 220005 , 220104 , 
470625 , 471927 , 472672 , 473958 , 475653 , 477635 , 478458 , 486590 , 489263 , 490302 , 490903 , 490903 , 490903 , 490903 , 
404647 , 408323 , 410236 , 413055 , 416980 , 418875 , 421256 , 435564 , 438679 , 438680 , 438692 , 438693 , 439020 , 439020 , 
159040 , 165622 , 169783 , 177563 , 190487 , 207500 , 211544 , 212649 , 213517 , 213813 , 213910 , 213988 , 214586 , 214588 , 
252407 , 262988 , 268706 , 276782 , 289761 , 301479 , 307213 , 314604 , 317773 , 318160 , 318331 , 318331 , 318589 , 318589 , 
54844.1 , 63741 , 66901.5 , 74811.2 , 84157.5 , 89852 , 96710.1 , 102206 , 105659 , 107302 , 108402 , 108417 , 108414 , 108423 , 
74922.4 , 85044.6 , 92989.2 , 100355 , 114900 , 122852 , 133565 , 140774 , 144859 , 146628 , 148550 , 148544 , 148614 , 148614 , 
352351 , 372090 , 375962 , 388706 , 406681 , 433345 , 438554 , 441604 , 444000 , 444414 , 444789 , 444914 , 445441 , 445441 , 
192739 , 204699 , 211283 , 222472 , 239508 , 263786 , 269806 , 272936 , 275237 , 275691 , 276113 , 276713 , 277881 , 277919 , 
27804.8 , 33959.6 , 38386.9 , 43999.1 , 53413.4 , 57063.5 , 60593.7 , 64241.8 , 65337.2 , 65514.9 , 65685.5 , 65730.8 , 65805.2 , 65806.9 , 
66738.7 , 74475.3 , 79128.6 , 86879.8 , 100500 , 107480 , 117043 , 125207 , 128972 , 131135 , 133228 , 133228 , 133488 , 133560 , 
74550.4 , 84964.7 , 88540.9 , 97055.9 , 112091 , 120718 , 130460 , 139094 , 143870 , 144081 , 144699 , 144699 , 144762 , 144762 , 
139011 , 152033 , 159279 , 171610 , 189369 , 203180 , 213595 , 222342 , 226586 , 228213 , 231408 , 231562 , 232722 , 232794 , 
174008 , 185239 , 192557 , 206047 , 224680 , 241629 , 252457 , 259315 , 262990 , 265886 , 268209 , 268626 , 269689 , 269788 , 
539262 , 548566 , 555619 , 562671 , 575534 , 581326 , 587419 , 609848 , 615695 , 616008 , 616128 , 616128 , 616128 , 616128 , 
433066 , 446742 , 453474 , 463518 , 480366 , 493007 , 501546 , 518410 , 524209 , 524209 , 525471 , 525471 , 525471 , 525471 , 
308697 , 317798 , 322589 , 330772 , 342087 , 352890 , 358604 , 365467 , 368426 , 369080 , 369620 , 369661 , 370087 , 370202 , 
12625.1 , 15012 , 16616.8 , 18771.4 , 23333.1 , 25653.9 , 27695 , 29721.2 , 30306.4 , 30582.1 , 30638.6 , 30650.8 , 30668.8 , 30668.8 , 
201577 , 212665 , 216990 , 225469 , 238296 , 257307 , 260337 , 260666 , 260666 , 260803 , 260903 , 261140 , 261516 , 261697 , 
386768 , 394314 , 397437 , 404536 , 413935 , 419195 , 425954 , 437700 , 441131 , 441166 , 441509 , 441509 , 441509 , 441509 , 
7555.26 , 9255.48 , 10469.9 , 11993.1 , 13768.3 , 14410.4 , 14679.2 , 15135.1 , 15360.2 , 15454.6 , 15613.4 , 15628.5 , 15638.7 , 15628.8 , 
178415 , 189617 , 194350 , 204248 , 218639 , 236506 , 240094 , 240846 , 241628 , 242419 , 243290 , 244260 , 244957 , 245342 , 
445439 , 451203 , 453054 , 459425 , 466734 , 469058 , 472824 , 482249 , 485742 , 486369 , 487306 , 487360 , 487543 , 487566 , 
4918.22 , 6454.24 , 6946.1 , 8050.96 , 8803.28 , 9022.62 , 9135.22 , 9690.24 , 9722.72 , 9730.7 , 9731.66 , 9736.68 , 9749.8 , 9749.8 , 
165260 , 172946 , 178177 , 184605 , 198568 , 216196 , 220387 , 222360 , 223822 , 224577 , 225185 , 225510 , 225836 , 226145 , 
935982 , 947080 , 952393 , 959643 , 969260 , 973170 , 978736 , 993520 , 1.00295e+06 , 1.00408e+06 , 1.00743e+06 , 1.00758e+06 , 1.00909e+06 , 1.0091e+06 , 
336657 , 360444 , 374493 , 392850 , 427786 , 460116 , 468338 , 474653 , 478219 , 479280 , 481031 , 481155 , 481431 , 481431 , 
47696.2 , 56570 , 60668 , 69915 , 83231.5 , 89754.9 , 99771.9 , 104360 , 107050 , 108985 , 110117 , 110197 , 110335 , 110335 , 
782840 , 795072 , 801415 , 813812 , 836785 , 847733 , 860354 , 877678 , 886179 , 892544 , 896165 , 896737 , 897264 , 897264 , 
168171 , 184398 , 196667 , 210883 , 241894 , 255850 , 277516 , 286688 , 294817 , 300479 , 306293 , 307640 , 309598 , 309758 , 
594803 , 614068 , 625296 , 644738 , 670852 , 701287 , 709031 , 714528 , 718401 , 719597 , 722047 , 722162 , 722396 , 722396 , 
598719 , 620927 , 632173 , 653576 , 681123 , 703660 , 715887 , 724090 , 730839 , 735393 , 738302 , 738626 , 739186 , 739186 , 
23539.6 , 26650.6 , 29737.8 , 33423 , 39340.1 , 41413 , 43071.7 , 45230.9 , 45836.5 , 46143.3 , 46225.5 , 46225.5 , 46234.3 , 46235.8 , 
628400 , 647705 , 661538 , 681848 , 709117 , 729041 , 743720 , 754729 , 761717 , 767000 , 769670 , 769823 , 770360 , 770360 , 
628651 , 650512 , 659768 , 678081 , 707145 , 732558 , 742515 , 751613 , 756954 , 761404 , 765345 , 765339 , 766037 , 766037 , 
