milestone, 1, 2, 3, 5, 10, 20, 30, 40, 50, 60, 70, 80, 90, 100
176761 , 177002 , 179043 , 183311 , 186373 , 190646 , 192526 , 200186 , 202831 , 202864 , 202830 , 202850 , 203713 , 203713 , 
52460.8 , 56742.2 , 62776.3 , 65252.6 , 71692.3 , 77792.8 , 80427 , 81381.8 , 82279.3 , 83604.5 , 83617.9 , 83616.7 , 83616.7 , 83891.9 , 
174502 , 176352 , 177880 , 181578 , 184605 , 185991 , 187071 , 197236 , 199965 , 200852 , 200852 , 200852 , 200852 , 200852 , 
215856 , 218361 , 218644 , 220125 , 220568 , 221773 , 223206 , 234425 , 234468 , 234953 , 234953 , 234953 , 234953 , 234953 , 
222768 , 224076 , 224366 , 225536 , 226837 , 232758 , 233842 , 238840 , 240742 , 240742 , 240742 , 240742 , 240742 , 240742 , 
48200.9 , 52081.2 , 55409 , 59861.7 , 64489.4 , 70794.4 , 73913.9 , 76152.1 , 78182.1 , 78202.1 , 78759.8 , 79027.7 , 79280 , 79280 , 
5743.4 , 7173.5 , 7601.7 , 9103.6 , 9996 , 10260.5 , 10263.3 , 10452.9 , 10449.8 , 10638.8 , 10541.8 , 10538.7 , 10538.7 , 10541.8 , 
40137.6 , 42321.2 , 45271.4 , 49533.1 , 54075 , 60783.4 , 64030.9 , 66217.5 , 66243.5 , 67059.8 , 67807 , 67778.2 , 67812.4 , 67812.4 , 
228074 , 229229 , 229352 , 230626 , 231550 , 233528 , 233800 , 236751 , 238130 , 240429 , 240876 , 240876 , 240876 , 240876 , 
16912.7 , 18325.2 , 19493.1 , 20151 , 21893.3 , 24383.1 , 25118.9 , 25487.6 , 25630.6 , 25630.6 , 25630.6 , 25630.6 , 25630.6 , 25630.6 , 
11970.5 , 14156.4 , 14761.8 , 15622.5 , 16585.1 , 18315.3 , 19151.9 , 19463.7 , 19551.9 , 19869.8 , 19983.1 , 19983.1 , 20038.8 , 20038.8 , 
52307.1 , 53187.1 , 53309.8 , 53758.4 , 54739.7 , 54963.2 , 55602.6 , 57112.1 , 57380.5 , 57632.7 , 57863.2 , 57863.2 , 57863.2 , 57863.2 , 
1887.9 , 2475.9 , 2747.6 , 3145.4 , 3549.1 , 3623.3 , 3658.4 , 3815.8 , 3819.9 , 3866.5 , 3866.5 , 3866.5 , 3866.5 , 3866.5 , 
45308.1 , 45898 , 46406.8 , 46976.3 , 48042.5 , 48371.2 , 49043.4 , 51244.9 , 52626.9 , 52692.3 , 52992 , 52992 , 53320.2 , 53320.2 , 
59872.6 , 59941.2 , 60137.6 , 60306.5 , 60752.4 , 61529.3 , 61776.4 , 62125.6 , 62243.6 , 62633.6 , 62633.6 , 62633.6 , 62633.6 , 62633.6 , 
27639.3 , 29206.8 , 29602.8 , 30846 , 32707.7 , 36066 , 37135.6 , 37191.4 , 37308.7 , 37392.7 , 37592.1 , 37592.1 , 37592.1 , 37592.1 , 
8840.3 , 9624.6 , 11015.2 , 11586.7 , 13124.8 , 13780 , 14248.8 , 14575.2 , 14976.3 , 14986.4 , 14987.9 , 15008.3 , 15008.3 , 15008.3 , 
14457.2 , 16222.9 , 16394 , 17158.2 , 18848.7 , 20032 , 20442.3 , 20886 , 21098.1 , 21258.8 , 21192.7 , 21251.5 , 21251.5 , 21251.5 , 
28279.2 , 28661.4 , 29269.4 , 30430.1 , 31815.5 , 35183.2 , 35504.5 , 35896.4 , 35957 , 35957 , 35957 , 35957 , 35957 , 35957 , 
75304.3 , 78031.3 , 79006.9 , 81135.8 , 84180.6 , 86156 , 87599.4 , 91695.3 , 94745.9 , 94745.9 , 94745.9 , 94745.9 , 94745.9 , 94745.9 , 
69334.6 , 71979.3 , 73220.3 , 74997.5 , 77664.8 , 81694 , 83524.7 , 86678.3 , 87363.1 , 87997.8 , 88127.4 , 88307.1 , 88517.9 , 88517.9 , 
96392.4 , 97892.5 , 98807.4 , 99798.1 , 101706 , 102454 , 103454 , 107094 , 107618 , 107654 , 107698 , 107935 , 108418 , 108425 , 
21898 , 25455.3 , 25897 , 27407.5 , 30374.3 , 32688 , 33971.5 , 35096.8 , 35479.3 , 35587.3 , 35715.4 , 35791.5 , 36073.9 , 36073.9 , 
99098 , 99078.2 , 99605.6 , 101237 , 102063 , 103176 , 103947 , 109470 , 109735 , 109735 , 109735 , 109735 , 109735 , 109735 , 
40092.1 , 41393 , 43011.1 , 46715.6 , 49433 , 55558.8 , 57739.1 , 57742.8 , 57718.6 , 57746.9 , 58364.7 , 58364.7 , 58364.7 , 58364.7 , 
9765.6 , 10555.6 , 11522.4 , 12662.5 , 14209 , 14828.9 , 15386.5 , 15773.6 , 16147.8 , 16617.4 , 17292.3 , 17384 , 17375.2 , 17386 , 
35082 , 39151.6 , 41198.3 , 42741.5 , 46146.1 , 52977.8 , 53980.7 , 53982.5 , 54118.6 , 54118.6 , 54118.6 , 54118.6 , 54134.4 , 54215.7 , 
37773.9 , 41427.6 , 42597.1 , 44021.7 , 47825.5 , 55775 , 57285.5 , 57754.3 , 58091.6 , 58091.6 , 58091.6 , 58091.6 , 58091.6 , 58091.6 , 
54668.2 , 56704 , 57690.6 , 59670.7 , 62970.2 , 65781.7 , 67930.2 , 71754.5 , 72358.7 , 72358.7 , 72358.7 , 72358.7 , 72358.7 , 72358.7 , 
129239 , 132374 , 132839 , 135742 , 137638 , 139011 , 140497 , 149308 , 149890 , 150413 , 150753 , 150753 , 150753 , 150753 , 
188191 , 188362 , 188413 , 188578 , 188603 , 191814 , 191814 , 191814 , 191814 , 191814 , 191814 , 191814 , 191814 , 191814 , 
74900.5 , 78377.8 , 78974.3 , 83307 , 88406.9 , 98445.1 , 99508.3 , 99508.3 , 99508.3 , 99508.3 , 99508.3 , 99508.3 , 99508.3 , 99508.3 , 
38742.2 , 42396.2 , 43883 , 49153.1 , 52730.7 , 57358.8 , 60097.4 , 63103.5 , 64358.5 , 64579.6 , 65254.2 , 65254.2 , 65254.2 , 65254.2 , 
56822.7 , 57732.8 , 59527.4 , 62446.8 , 66676.5 , 73909.1 , 74430.8 , 74430.8 , 74430.8 , 74430.8 , 74430.8 , 74430.8 , 74430.8 , 74430.8 , 
16338.4 , 18832.7 , 19550.6 , 21467.5 , 25138.5 , 26868.5 , 27347.1 , 28846.8 , 29850.6 , 29855.1 , 30022.8 , 30022.8 , 30157.9 , 30157.9 , 
129886 , 132433 , 134602 , 135106 , 140143 , 141524 , 142757 , 144146 , 145520 , 146904 , 148678 , 148672 , 149854 , 149899 , 
92364.7 , 95917.5 , 97289.3 , 99110.7 , 103501 , 108070 , 109667 , 112131 , 113217 , 113450 , 114464 , 114464 , 114464 , 114464 , 
11986.2 , 12962 , 13879.3 , 14949.1 , 16835.6 , 18783.1 , 19646.2 , 20413.4 , 20553.7 , 20639.4 , 20639.4 , 20639.4 , 20639.4 , 20639.4 , 
85532.3 , 86937 , 88749.5 , 91199.6 , 95727.1 , 104661 , 105477 , 107046 , 109266 , 109266 , 109266 , 109266 , 109266 , 109266 , 
245626 , 267591 , 275198 , 290825 , 312332 , 337038 , 347677 , 353782 , 360498 , 362549 , 363858 , 364388 , 365006 , 365064 , 
915844 , 919580 , 922718 , 925297 , 929604 , 943112 , 944064 , 954358 , 959095 , 961892 , 963781 , 963781 , 963781 , 963781 , 
166125 , 189761 , 190235 , 205745 , 235050 , 257515 , 278706 , 295360 , 301350 , 303914 , 306788 , 307844 , 307844 , 307844 , 
13899.4 , 18995.4 , 20013.5 , 24352.3 , 26829.2 , 28698.9 , 28891.6 , 30263.6 , 31040.7 , 31085 , 31085.8 , 31100.7 , 31623.6 , 31623.6 , 
47978.7 , 59782.8 , 59650.9 , 66216.6 , 78933.5 , 87125.4 , 96081.4 , 105335 , 106868 , 108423 , 109058 , 109058 , 109058 , 109058 , 
697632 , 715527 , 719332 , 732357 , 750024 , 752746 , 759703 , 779940 , 788123 , 793618 , 799582 , 801376 , 801376 , 801376 , 
20322.7 , 22723.3 , 24735.5 , 30343.8 , 36614 , 39040.5 , 39777.8 , 43533.4 , 43941.4 , 44162.9 , 44162.9 , 44162.9 , 44162.9 , 44162.9 , 
588193 , 601882 , 613664 , 624299 , 646218 , 662723 , 672215 , 680719 , 691084 , 694390 , 694390 , 694390 , 694415 , 694415 , 
693415 , 711220 , 727119 , 741166 , 753505 , 766459 , 773364 , 788826 , 796552 , 800860 , 802950 , 802950 , 802950 , 802950 , 
522495 , 540925 , 552751 , 570268 , 583108 , 611984 , 620725 , 624109 , 625778 , 628225 , 632188 , 632238 , 632079 , 632994 , 
26035.3 , 28242.2 , 30839.4 , 33822.3 , 37808.7 , 40011.3 , 43671.5 , 46041.4 , 47076.5 , 47923.7 , 48209.5 , 48209.5 , 48209.5 , 48209.5 , 
180471 , 184014 , 187697 , 189614 , 193242 , 195808 , 198004 , 199835 , 202378 , 203826 , 204067 , 204312 , 206044 , 206142 , 
229320 , 230980 , 233025 , 234514 , 236018 , 237521 , 238773 , 239831 , 239980 , 240323 , 240591 , 240752 , 242102 , 242098 , 
206543 , 207847 , 208225 , 210552 , 212964 , 213966 , 215786 , 221291 , 224438 , 224560 , 224714 , 224714 , 224714 , 224714 , 
160672 , 163348 , 165612 , 169493 , 171669 , 180162 , 183050 , 186213 , 188390 , 188390 , 188390 , 188390 , 188390 , 188390 , 
46882.7 , 50845.2 , 53243.5 , 56742.2 , 63571.4 , 67722.4 , 71480.6 , 73877.4 , 75475 , 76828.4 , 78342.4 , 79300.1 , 80902.8 , 80902.8 , 
30364.6 , 34984.1 , 38551.2 , 42235.8 , 46059.3 , 48585.5 , 52749.2 , 56432.3 , 57719.5 , 57700.9 , 57894.6 , 58185.6 , 58805.7 , 58794.3 , 
109346 , 119053 , 120985 , 125195 , 131267 , 142373 , 143666 , 143697 , 143697 , 143697 , 143697 , 143697 , 143697 , 143697 , 
28445.4 , 29880.2 , 31721.9 , 34838 , 40322.6 , 42167.7 , 45162.5 , 47047.4 , 48500.8 , 48755.9 , 49094.2 , 49197.9 , 49146.1 , 49298.3 , 
213484 , 227460 , 230973 , 238908 , 253538 , 271578 , 273566 , 273566 , 274067 , 275828 , 277763 , 277788 , 277788 , 277788 , 
313714 , 318864 , 324152 , 336200 , 346665 , 350271 , 356006 , 364289 , 370003 , 372025 , 373042 , 373042 , 373841 , 374106 , 
144775 , 156860 , 159174 , 163392 , 180003 , 192256 , 199068 , 201468 , 203656 , 204520 , 205337 , 206806 , 208501 , 208861 , 
153394 , 160935 , 165428 , 176172 , 187266 , 202912 , 208982 , 212218 , 215887 , 218959 , 220965 , 221412 , 222564 , 222564 , 
151101 , 165679 , 167026 , 177094 , 191697 , 207068 , 211588 , 214741 , 217124 , 217860 , 219585 , 220098 , 221395 , 221900 , 
469514 , 472053 , 471527 , 474641 , 476254 , 480300 , 480823 , 488272 , 489217 , 489217 , 489217 , 489217 , 489217 , 489217 , 
399288 , 405768 , 408311 , 411839 , 415734 , 417975 , 420297 , 431395 , 436150 , 435551 , 435551 , 435551 , 435551 , 435551 , 
158972 , 165440 , 166718 , 176684 , 188304 , 202876 , 205651 , 207078 , 211042 , 211206 , 211953 , 212143 , 212187 , 212608 , 
254760 , 258052 , 263635 , 269953 , 286140 , 305941 , 309625 , 309834 , 310284 , 311101 , 311493 , 311493 , 311493 , 311493 , 
52796.2 , 58660 , 63560.9 , 70166.1 , 79422.4 , 86175.5 , 94423.3 , 99252.2 , 103195 , 104741 , 106224 , 106224 , 106224 , 106224 , 
70740.7 , 81827 , 88004.6 , 97404.9 , 117331 , 126074 , 134591 , 143120 , 144703 , 145667 , 146071 , 146115 , 146665 , 146665 , 
346445 , 354498 , 364013 , 377652 , 398925 , 423245 , 431036 , 432097 , 433708 , 434252 , 435455 , 435455 , 435455 , 435455 , 
190235 , 199522 , 208544 , 218679 , 235784 , 256394 , 262133 , 263028 , 264732 , 268100 , 269467 , 269467 , 269467 , 269467 , 
21637.8 , 28626.3 , 33439 , 40645.6 , 47159.1 , 53875 , 58519.9 , 62721.1 , 65125.1 , 65111.5 , 66390.4 , 66390.4 , 66390.4 , 66390.4 , 
62588.8 , 69679.2 , 74596.3 , 81862.7 , 93520.3 , 103636 , 114137 , 119890 , 125929 , 127422 , 130358 , 131646 , 132602 , 132602 , 
74501.5 , 80008.6 , 83136.4 , 95139.7 , 102910 , 114937 , 126503 , 133102 , 136418 , 137473 , 141908 , 141948 , 143364 , 143364 , 
137822 , 158146 , 159708 , 172164 , 191292 , 203465 , 212124 , 220896 , 223870 , 225778 , 228529 , 230405 , 233844 , 233844 , 
163365 , 178147 , 183598 , 202265 , 222468 , 235978 , 247026 , 250719 , 256972 , 264052 , 266438 , 266438 , 266438 , 266438 , 
526747 , 548493 , 551601 , 563948 , 572333 , 576637 , 582911 , 599286 , 608583 , 608583 , 608583 , 608583 , 608583 , 608583 , 
427651 , 435629 , 443579 , 454964 , 471760 , 480157 , 488593 , 503335 , 513063 , 513063 , 513063 , 513063 , 513063 , 513063 , 
311205 , 316888 , 323720 , 330825 , 341235 , 355414 , 358817 , 361972 , 363467 , 363528 , 363710 , 363840 , 364492 , 364492 , 
11291.7 , 13771.3 , 15265.2 , 18089.2 , 22455.9 , 24742.8 , 27008.9 , 28984.3 , 29715.2 , 29790.5 , 29873.9 , 29873.9 , 29873.9 , 29873.9 , 
198520 , 207930 , 209558 , 223478 , 235928 , 252854 , 256345 , 256666 , 256780 , 257082 , 257489 , 257741 , 258179 , 258607 , 
382902 , 392255 , 396723 , 404656 , 411134 , 418506 , 423048 , 432127 , 436001 , 436001 , 436001 , 436001 , 436001 , 436039 , 
6078.8 , 7498 , 8819.4 , 11021 , 12683.1 , 14286.4 , 14556.8 , 14782.6 , 15139.8 , 15314.2 , 15418.5 , 15399.7 , 15621 , 15560 , 
180166 , 187927 , 194821 , 203076 , 217289 , 230205 , 234421 , 236244 , 239582 , 242207 , 244911 , 246610 , 248149 , 248149 , 
443949 , 448574 , 450313 , 457792 , 463348 , 468924 , 472731 , 479969 , 484174 , 484384 , 484384 , 484384 , 484384 , 484384 , 
4939 , 6160.8 , 7178 , 8556.7 , 8963.7 , 9129.2 , 9216.6 , 9590 , 9590 , 9590 , 9606.4 , 9606.4 , 9606.4 , 9567.7 , 
149890 , 164824 , 173389 , 181718 , 199039 , 211039 , 216783 , 221559 , 224952 , 228550 , 230187 , 230401 , 230950 , 232192 , 
941776 , 949751 , 954204 , 958570 , 966156 , 970160 , 975634 , 984114 , 992444 , 996674 , 1.00143e+06 , 1.00165e+06 , 1.00165e+06 , 1.0018e+06 , 
330445 , 350807 , 354775 , 371439 , 397454 , 431189 , 440590 , 446123 , 448750 , 452455 , 457500 , 461984 , 464977 , 466581 , 
45723.9 , 51834.9 , 57486.1 , 66543.7 , 78037.6 , 83863.9 , 92691.9 , 96302 , 99589.1 , 101834 , 103225 , 104175 , 104733 , 104739 , 
766209 , 783366 , 788586 , 804070 , 821271 , 831281 , 839365 , 847378 , 859163 , 859922 , 860662 , 860691 , 862591 , 862591 , 
156205 , 175557 , 182859 , 199632 , 224472 , 237636 , 255262 , 269669 , 279279 , 284407 , 286602 , 287288 , 287336 , 288347 , 
593508 , 606856 , 612811 , 622354 , 652223 , 686563 , 693807 , 697974 , 699094 , 701544 , 703892 , 704263 , 706900 , 706900 , 
587991 , 600758 , 609583 , 629206 , 657413 , 689955 , 702046 , 704188 , 706859 , 710947 , 716564 , 717401 , 723617 , 723617 , 
21997.4 , 25492.1 , 27215.9 , 29850.2 , 35279.1 , 38862.1 , 41467.1 , 45232.4 , 46777.6 , 46770 , 46770 , 46770 , 46770 , 46770 , 
620168 , 642128 , 648796 , 667359 , 691247 , 714623 , 723581 , 733580 , 741407 , 742176 , 743936 , 743936 , 743936 , 743936 , 
615342 , 640356 , 649332 , 670565 , 693249 , 714682 , 725858 , 729404 , 733157 , 735011 , 737438 , 741238 , 744321 , 746079 , 
