milestone, 1, 2, 3, 5, 10, 20, 30, 40, 50, 60, 70, 80, 90, 100
176329 , 178320 , 180334 , 182840 , 185909 , 188348 , 190863 , 200275 , 204844 , 204844 , 204844 , 205183 , 206171 , 206171 , 
54139 , 59096.3 , 62620.3 , 66368.5 , 74956.8 , 81358.5 , 84993.8 , 85899.5 , 86405.2 , 87174.1 , 87550.5 , 87550.5 , 87550.5 , 87550.5 , 
176638 , 178514 , 180208 , 182135 , 185199 , 185698 , 186879 , 202101 , 207534 , 207534 , 207534 , 207534 , 207534 , 207534 , 
216212 , 218812 , 219353 , 220445 , 221118 , 233996 , 235549 , 241127 , 242528 , 242528 , 242528 , 242528 , 242528 , 242528 , 
222400 , 223048 , 223220 , 225107 , 225324 , 234798 , 234902 , 238401 , 238975 , 242675 , 243624 , 243624 , 243624 , 243624 , 
48090.9 , 52500.9 , 57696.1 , 58357.2 , 63214.3 , 72845 , 75072.6 , 76944.7 , 77227.9 , 77227.9 , 77227.9 , 77227.9 , 77227.9 , 77227.9 , 
7356.5 , 8171.3 , 8198 , 9620.5 , 10114.9 , 10172.5 , 10165.4 , 10541.1 , 10545.6 , 10637.6 , 10955.9 , 11060.1 , 11060.1 , 11060.1 , 
42315.8 , 45094.7 , 46934.3 , 48932.5 , 54731.3 , 64983.5 , 66353 , 67081.1 , 67845.7 , 67845.7 , 67845.7 , 67845.7 , 67845.7 , 67845.7 , 
228691 , 228974 , 229086 , 231054 , 231564 , 236681 , 237639 , 243362 , 247038 , 247038 , 247038 , 247038 , 247038 , 247038 , 
17941.3 , 18582.2 , 18832 , 20310.3 , 22105.5 , 25619.8 , 26388.3 , 26388.3 , 26388.3 , 26388.3 , 26388.3 , 26388.3 , 26388.3 , 26388.3 , 
13408.4 , 14404.3 , 15030.6 , 15848.4 , 16856 , 18024.6 , 18745.6 , 19947.7 , 20380.6 , 20380.6 , 20565.5 , 20565.5 , 20565.5 , 20565.5 , 
52652.6 , 53314.1 , 53549.4 , 54100.2 , 54636.6 , 55095.1 , 55594.6 , 55802.7 , 56881.8 , 57527.8 , 58257.8 , 58275.4 , 58681.1 , 58693.2 , 
2159.2 , 2826.2 , 2982.8 , 3272.2 , 3522.9 , 3716.9 , 3821.2 , 4026.6 , 4036.1 , 4036.1 , 4036.1 , 4036.1 , 4036.1 , 4036.1 , 
45022.7 , 45688.9 , 46073.3 , 46932.2 , 47712.3 , 48842.5 , 49530.8 , 51698.4 , 52721.4 , 53125 , 53332.6 , 53332.6 , 53332.6 , 53332.6 , 
60022.1 , 60155.9 , 60222.9 , 60376 , 60703.8 , 62096.8 , 62188.8 , 62397.5 , 62531.9 , 62963.8 , 62987 , 63058.3 , 63058.3 , 63058.3 , 
28992.1 , 29653.4 , 30520.3 , 31208 , 33085.8 , 36249.9 , 36662.4 , 37962.3 , 38176 , 38176 , 38176 , 38176 , 38176 , 38176 , 
9355.2 , 10959.1 , 11747.8 , 11954.7 , 13403.1 , 14551.6 , 15122.1 , 15908.8 , 16540.9 , 16689.1 , 16742.7 , 16742.7 , 16742.7 , 16742.7 , 
14604 , 15809.4 , 16192 , 16950 , 18989.6 , 21259.4 , 21914.5 , 21914.5 , 21920.6 , 21920.6 , 22013.1 , 22013.1 , 22013.1 , 22013.1 , 
28078.6 , 29396.6 , 30097 , 30725.1 , 32096.8 , 35710.8 , 36660.9 , 37589.8 , 37753.4 , 37753.4 , 37753.4 , 37753.4 , 37753.4 , 37753.4 , 
76621.9 , 79276.9 , 79987 , 82232.6 , 83924.5 , 86337.8 , 88024.6 , 93300.2 , 95954.1 , 95954.1 , 95954.1 , 95954.1 , 95954.1 , 95954.1 , 
70394.8 , 72156.2 , 72476.5 , 74491.4 , 77823.1 , 82827.4 , 84024.3 , 87464.7 , 88344.2 , 88344.2 , 88344.2 , 88344.2 , 88344.2 , 88344.2 , 
96398.8 , 97921.9 , 98997.4 , 99846.2 , 101798 , 104134 , 105098 , 105609 , 105994 , 106027 , 107755 , 107815 , 107791 , 107819 , 
23268.3 , 24628.1 , 25139.7 , 27498.1 , 30477 , 34313.7 , 35432.8 , 35779 , 35994.3 , 35994.3 , 36421 , 36421 , 36421 , 36421 , 
99726 , 100358 , 100930 , 101326 , 102337 , 103095 , 103733 , 111776 , 112417 , 112417 , 112417 , 112417 , 112417 , 112417 , 
40753 , 43147.7 , 43190.2 , 46571 , 50685.7 , 57989.8 , 58798.2 , 58798.2 , 58798.2 , 58798.2 , 58810.8 , 58810.8 , 58810.8 , 58810.8 , 
9717.8 , 11297.4 , 12612.8 , 13528.9 , 14943.7 , 15076.9 , 15545.8 , 17102.4 , 17910.5 , 17904.8 , 18281 , 18281 , 18518.2 , 18522.6 , 
35640.4 , 40887 , 42078.3 , 44847.5 , 47299.8 , 53247.1 , 54956 , 54956 , 54956 , 54956 , 54956 , 54956 , 54956 , 54956 , 
38851.8 , 41942.6 , 42786.5 , 45627.8 , 48621.6 , 56151.5 , 58170.7 , 59204.5 , 59344.1 , 59344.1 , 59344.1 , 59344.1 , 59344.1 , 59344.1 , 
54170.3 , 56953.8 , 57955.8 , 60365.2 , 62813.7 , 69435.3 , 72546.3 , 74194.1 , 74194.1 , 74194.1 , 74194.1 , 74194.1 , 74194.1 , 74194.1 , 
130941 , 134092 , 135283 , 136403 , 138081 , 139407 , 140908 , 151799 , 154412 , 154412 , 154412 , 154412 , 154412 , 154412 , 
188274 , 188445 , 188481 , 188598 , 188664 , 191778 , 191814 , 192165 , 192165 , 192165 , 192165 , 192165 , 192165 , 192165 , 
76211.6 , 78711.3 , 80203.1 , 82469.4 , 86719.9 , 102291 , 104028 , 104028 , 104028 , 104028 , 104028 , 104028 , 104028 , 104028 , 
41306.1 , 44109.5 , 45255.8 , 48293.8 , 54160.5 , 63454 , 65141.3 , 65321.7 , 65541.4 , 65541.4 , 65541.4 , 65541.4 , 65541.4 , 65541.4 , 
59372.3 , 61372.6 , 61984.1 , 63155.5 , 66640.4 , 76812.9 , 78835.9 , 79792.7 , 80025.3 , 80025.3 , 80025.3 , 80025.3 , 80025.3 , 80025.3 , 
17055.7 , 20467.7 , 22395.7 , 22986.2 , 25879.2 , 26643.6 , 27342 , 29384.5 , 31586.1 , 31602.5 , 31602.5 , 31602.5 , 31602.5 , 31602.5 , 
129798 , 132182 , 134936 , 137101 , 140335 , 145473 , 146893 , 148904 , 150600 , 150934 , 151487 , 151500 , 151590 , 151618 , 
90445.3 , 94734.5 , 96958.9 , 100741 , 103586 , 115247 , 117796 , 119985 , 120496 , 120496 , 120496 , 120496 , 120496 , 120496 , 
12161.2 , 13977.6 , 14618.7 , 15800.3 , 18376.5 , 19475.1 , 20343.5 , 21635.4 , 22463.3 , 22866.7 , 23235.2 , 23235.2 , 23235.2 , 23235.2 , 
87225.8 , 88389 , 89601 , 93305 , 95980.1 , 106922 , 110047 , 114269 , 115360 , 115360 , 115360 , 115360 , 115360 , 115360 , 
239110 , 267602 , 277194 , 295335 , 319314 , 345157 , 356055 , 360215 , 363724 , 365727 , 368070 , 368204 , 368255 , 371181 , 
917251 , 923000 , 924459 , 927380 , 931123 , 936391 , 937115 , 953420 , 958095 , 960009 , 961990 , 962897 , 965738 , 965738 , 
181558 , 194735 , 198264 , 224641 , 244244 , 259259 , 279611 , 299782 , 304978 , 308107 , 310429 , 310883 , 311600 , 313077 , 
18119.5 , 20593.1 , 22251.7 , 24637.7 , 27738.8 , 28706.3 , 29425.5 , 31842 , 33869.5 , 33869.5 , 33869.5 , 33869.5 , 33869.5 , 33869.5 , 
53023.9 , 61813.4 , 66634.4 , 75150 , 85607 , 91722.4 , 98615.7 , 108116 , 109934 , 109934 , 109934 , 109934 , 109934 , 109934 , 
695624 , 707889 , 729810 , 735923 , 751787 , 756326 , 765412 , 786281 , 797029 , 797820 , 804826 , 804826 , 804826 , 804826 , 
21058.4 , 27448.6 , 29580.5 , 34164.2 , 37461.4 , 39414.1 , 39986.5 , 44122.2 , 44290.6 , 44501.2 , 44501.2 , 44501.2 , 44501.2 , 44501.2 , 
590497 , 610332 , 615126 , 625452 , 650314 , 668063 , 682736 , 708531 , 718473 , 719384 , 721189 , 721189 , 721189 , 721189 , 
698613 , 713675 , 725952 , 735194 , 753226 , 756364 , 766057 , 799736 , 808985 , 809081 , 809081 , 809081 , 809081 , 809081 , 
533966 , 552603 , 557263 , 565064 , 591414 , 628940 , 637309 , 643622 , 644454 , 644454 , 644454 , 644454 , 644454 , 644454 , 
23938.9 , 26082 , 27954.1 , 32448.4 , 36459.5 , 40319.3 , 43074.4 , 44667.9 , 46036.6 , 46837.4 , 47758.8 , 47758.8 , 47758.8 , 47758.8 , 
182449 , 186921 , 187141 , 191060 , 194420 , 198178 , 200403 , 205622 , 209515 , 209515 , 209515 , 209515 , 209515 , 209556 , 
229758 , 232331 , 232664 , 234688 , 235816 , 238219 , 238991 , 240726 , 241174 , 241202 , 242492 , 242799 , 244759 , 244780 , 
205379 , 207290 , 208999 , 211830 , 213862 , 215177 , 217414 , 226367 , 229295 , 229295 , 229295 , 229295 , 229295 , 229295 , 
159346 , 164507 , 165901 , 170740 , 175712 , 181063 , 183342 , 188422 , 189932 , 189932 , 189932 , 189932 , 189932 , 189932 , 
50374.5 , 53525 , 55966.2 , 60236.7 , 65654.7 , 69187.6 , 73072.7 , 76894.6 , 80212.4 , 80962.8 , 81939.7 , 81939.7 , 81978.4 , 81978.4 , 
34869.6 , 37381.7 , 37609.5 , 42230.3 , 45979.7 , 49592.2 , 53040 , 55158.6 , 56510.6 , 57254.7 , 58145 , 58178.7 , 58562.7 , 58562.7 , 
113784 , 119630 , 123745 , 125550 , 131512 , 145779 , 147422 , 148646 , 148787 , 148787 , 148787 , 148787 , 148787 , 148787 , 
31551.8 , 32943.3 , 34553.2 , 35493.1 , 41165 , 43195.6 , 45869.5 , 47161.9 , 49787.2 , 49940 , 50002 , 50164.9 , 50667.4 , 50858.3 , 
215674 , 232490 , 237380 , 242969 , 255322 , 279638 , 282076 , 282076 , 282076 , 282076 , 282076 , 282076 , 282076 , 282076 , 
311003 , 324375 , 328111 , 335333 , 347903 , 355392 , 361014 , 374267 , 375308 , 375308 , 375308 , 375308 , 375308 , 375308 , 
151724 , 157689 , 161553 , 170453 , 180876 , 198468 , 201392 , 202054 , 203247 , 204298 , 206069 , 206069 , 206069 , 206069 , 
151951 , 163531 , 167851 , 173530 , 189747 , 211202 , 213493 , 213634 , 213631 , 214324 , 214760 , 215578 , 216634 , 216634 , 
153200 , 162342 , 167778 , 177673 , 194894 , 212664 , 217037 , 217037 , 217437 , 217924 , 219033 , 219750 , 224683 , 224704 , 
470002 , 471135 , 471973 , 474291 , 475581 , 484176 , 484838 , 492487 , 494778 , 495696 , 496142 , 496142 , 496142 , 496142 , 
405246 , 409089 , 408664 , 412257 , 417156 , 419180 , 421448 , 436013 , 439409 , 439409 , 439409 , 439409 , 439409 , 439409 , 
158705 , 169331 , 168193 , 177022 , 187762 , 209056 , 211296 , 211296 , 211296 , 211296 , 211296 , 211296 , 211296 , 211296 , 
258994 , 269010 , 271910 , 277497 , 287946 , 307780 , 310857 , 317976 , 319829 , 319829 , 319829 , 319829 , 319829 , 319829 , 
47662.2 , 61342.6 , 65439.9 , 71142.8 , 82164.1 , 87150.8 , 95213.6 , 100672 , 104697 , 105412 , 105670 , 105625 , 105799 , 106093 , 
85273.7 , 91784.2 , 92962.3 , 97350.3 , 113087 , 119880 , 131748 , 139922 , 148046 , 148046 , 148046 , 148046 , 148046 , 148046 , 
360091 , 357916 , 365066 , 376364 , 395412 , 433933 , 442757 , 442757 , 442757 , 442757 , 442757 , 442757 , 442757 , 442757 , 
200441 , 210630 , 212183 , 221749 , 242250 , 270339 , 273492 , 273492 , 273492 , 273492 , 273492 , 273492 , 273604 , 273549 , 
30523.3 , 35621 , 38737.1 , 43548.1 , 53809.3 , 56840.6 , 60811.2 , 63813.1 , 66104.5 , 66742.3 , 67774.4 , 67774.4 , 67774.4 , 67774.4 , 
63063.7 , 74219.1 , 76716.2 , 82790.2 , 95591 , 103285 , 115198 , 122014 , 127843 , 129840 , 133836 , 133836 , 133836 , 133836 , 
73092.1 , 83353.7 , 91999.9 , 98911.6 , 108739 , 117767 , 127076 , 139747 , 145427 , 145804 , 146287 , 146287 , 146287 , 146287 , 
141850 , 154609 , 160861 , 173189 , 193964 , 203705 , 212292 , 224667 , 230728 , 231950 , 232403 , 232403 , 232403 , 232792 , 
180285 , 188517 , 192796 , 200391 , 226364 , 244285 , 255102 , 262062 , 265336 , 268489 , 270525 , 271306 , 271394 , 271764 , 
529643 , 548004 , 549478 , 556387 , 570554 , 582699 , 588188 , 607418 , 613960 , 613960 , 613960 , 613960 , 613960 , 613960 , 
433457 , 440240 , 455634 , 463077 , 475980 , 490869 , 502564 , 520339 , 528431 , 529144 , 529654 , 529654 , 529654 , 529654 , 
316582 , 320278 , 324978 , 330641 , 341439 , 358921 , 363400 , 368798 , 368965 , 368965 , 368965 , 368965 , 368965 , 368965 , 
12769.5 , 14997.1 , 15912 , 18588.6 , 22267.7 , 24467.2 , 27410.3 , 30159.4 , 30933.8 , 30933.8 , 30990.8 , 30990.8 , 30990.8 , 30990.8 , 
206511 , 211065 , 213928 , 225929 , 238078 , 258151 , 261530 , 261530 , 261856 , 262397 , 262692 , 262737 , 262902 , 263102 , 
380548 , 392446 , 397047 , 402031 , 411372 , 416946 , 426775 , 439556 , 444891 , 444894 , 444894 , 444894 , 444894 , 444894 , 
5892.6 , 8676 , 9583.9 , 11260.9 , 12155.8 , 13900.5 , 14557.4 , 15609.4 , 16180.8 , 16163.2 , 16294 , 16362 , 16362 , 16362 , 
185229 , 194040 , 202706 , 207969 , 223810 , 241219 , 243603 , 243725 , 244914 , 246371 , 247026 , 247881 , 249792 , 250354 , 
445340 , 450601 , 454156 , 457581 , 463049 , 467070 , 472611 , 487136 , 491949 , 492553 , 494003 , 494003 , 494003 , 494003 , 
5228.9 , 6503.6 , 6895.6 , 7723.8 , 8354 , 8759.2 , 9066.1 , 9951.3 , 10079 , 10163.1 , 10141.5 , 10145 , 10149.2 , 10185.4 , 
158712 , 169469 , 170547 , 184089 , 198212 , 217787 , 219560 , 220548 , 222103 , 222975 , 224496 , 224496 , 224496 , 224496 , 
940502 , 946625 , 951653 , 959680 , 969818 , 973562 , 978891 , 995364 , 1.0103e+06 , 1.0103e+06 , 1.01099e+06 , 1.01099e+06 , 1.01099e+06 , 1.01099e+06 , 
349895 , 369273 , 377276 , 393091 , 423194 , 449516 , 461140 , 464478 , 467426 , 467426 , 467426 , 467426 , 468506 , 468506 , 
47343.9 , 55173.1 , 58234.8 , 65871.3 , 81384.4 , 86251.3 , 97796 , 100896 , 104583 , 104922 , 105193 , 105634 , 105737 , 105835 , 
780992 , 793806 , 795985 , 810004 , 826623 , 831665 , 843178 , 862644 , 872757 , 875644 , 877514 , 877514 , 877514 , 877514 , 
155850 , 175748 , 184896 , 201952 , 224807 , 238087 , 258267 , 275775 , 282427 , 286007 , 286064 , 286446 , 286939 , 287242 , 
588850 , 610813 , 614588 , 630094 , 654116 , 672090 , 686425 , 706927 , 711906 , 711906 , 711906 , 712024 , 712825 , 712722 , 
608551 , 618184 , 627020 , 640828 , 663816 , 696420 , 703365 , 709891 , 711017 , 710905 , 711391 , 711987 , 715079 , 715079 , 
20948.4 , 23920.1 , 25281.5 , 30031.8 , 38552.1 , 40478.6 , 42975.7 , 47088.3 , 48087.3 , 48087.3 , 48087.3 , 48087.3 , 48087.3 , 48087.3 , 
642800 , 665901 , 672613 , 683574 , 699508 , 723517 , 735260 , 751525 , 758036 , 758036 , 758036 , 758036 , 759971 , 759971 , 
629218 , 650034 , 657418 , 673043 , 698196 , 722390 , 737606 , 742495 , 747384 , 747680 , 748542 , 748761 , 749964 , 750623 , 
